935 2685
439 438
224 920
912 533
839 106
752 340
474 336
491 658
845 895
75 524
41 57
151 164
461 385
264 919
536 740
294 692
560 571
488 424
505 21
916 698
574 463
613 656
248 828
102 1
720 43
787 642
348 852
748 420
853 82
323 55
917 672
884 821
758 337
775 472
281 505
191 273
859 932
789 486
383 707
368 211
829 655
458 749
876 123
456 630
315 464
427 65
448 703
491 755
130 410
701 294
11 72
911 128
396 518
810 380
699 167
684 433
540 686
560 239
154 624
194 933
767 289
290 112
866 73
483 385
748 600
841 619
476 352
175 673
563 405
526 380
362 267
99 734
427 768
88 621
27 644
38 666
441 156
613 286
353 632
9 59
154 635
655 291
762 163
435 292
789 488
238 667
597 421
852 328
139 175
782 265
588 232
669 873
691 794
432 2
55 480
629 464
351 227
925 69
284 371
51 616
589 834
880 842
384 84
510 867
397 506
294 833
316 310
373 259
727 259
530 83
571 645
129 349
475 585
404 849
120 30
333 159
526 479
141 526
215 523
71 845
627 4
591 42
441 903
412 461
915 692
475 672
385 149
385 600
924 571
644 906
372 616
729 934
930 308
75 343
877 432
82 255
690 523
88 404
755 540
25 612
10 499
100 654
910 923
527 113
512 784
647 456
905 204
283 279
346 576
771 545
317 494
511 157
907 756
415 387
932 756
430 816
300 756
373 277
609 830
783 405
482 717
224 107
681 395
11 911
434 436
20 564
149 448
264 694
325 763
671 112
54 921
306 720
510 773
27 188
9 665
603 768
244 10
169 904
815 934
308 130
322 182
748 241
786 466
200 305
901 669
740 541
873 238
837 496
809 156
739 351
705 339
760 470
728 218
102 278
749 618
917 622
20 346
496 75
420 819
53 338
530 910
654 391
198 190
680 713
757 933
425 287
647 732
686 898
794 221
161 373
98 542
873 554
271 409
285 89
612 831
496 696
116 174
317 934
211 159
361 526
565 277
519 851
915 314
222 424
762 524
44 517
354 96
448 485
694 103
585 316
831 509
628 778
752 226
738 803
632 290
76 87
270 925
61 329
851 753
13 795
710 643
714 53
390 62
330 314
77 318
480 712
17 550
397 13
292 655
371 347
63 844
213 490
324 163
72 860
571 703
37 247
683 307
425 3
279 158
258 151
244 489
779 430
484 440
19 53
825 604
368 43
300 909
746 749
226 546
565 392
342 531
105 297
541 68
870 826
49 484
251 765
51 456
507 705
753 809
314 896
5 594
935 503
502 915
602 453
640 799
702 487
894 873
830 518
427 816
466 269
772 227
603 110
219 719
272 547
182 58
474 910
601 577
410 689
456 410
24 51
607 562
641 782
509 581
2 320
438 137
403 153
152 407
140 17
655 911
743 351
491 202
553 91
493 813
921 479
570 259
28 515
532 41
453 597
890 72
517 827
650 822
278 512
262 718
627 79
840 45
767 626
386 237
885 739
194 255
605 899
254 530
497 783
495 268
354 752
192 640
263 833
382 509
598 595
854 784
599 716
375 219
378 723
71 596
935 21
687 382
195 766
412 872
380 290
454 34
289 180
918 38
651 108
631 367
890 495
235 586
307 316
626 409
167 902
465 916
725 291
376 206
640 74
587 270
213 122
142 326
350 184
349 848
264 846
854 311
13 159
742 443
388 666
209 438
403 922
32 798
125 207
475 509
899 184
722 748
355 598
467 679
928 147
585 515
624 546
343 674
683 419
132 534
723 448
563 385
563 116
415 299
98 200
392 266
780 792
782 76
14 506
176 320
502 153
268 321
289 375
863 240
296 138
264 542
869 815
270 931
476 862
24 713
42 232
904 131
762 699
126 503
559 815
513 531
427 789
670 164
31 832
729 841
197 931
296 846
280 454
926 567
448 914
322 522
929 530
806 866
607 87
789 587
900 373
469 442
531 435
736 687
386 597
666 726
819 931
326 236
533 268
800 572
661 754
900 94
23 196
504 541
730 279
224 155
204 5
903 830
484 216
529 269
824 597
696 266
220 831
222 250
560 554
47 203
409 549
214 879
899 60
408 705
336 110
707 570
86 862
132 402
246 528
653 70
353 620
820 412
325 21
201 31
148 852
370 702
294 847
704 162
812 707
426 2
271 422
323 67
765 808
348 540
458 435
296 127
332 472
667 400
371 847
816 443
446 336
688 612
178 562
566 60
479 833
236 457
477 614
315 916
62 725
505 408
361 99
78 501
797 292
640 513
146 365
277 608
351 883
31 283
806 663
186 473
77 73
485 707
462 25
784 715
218 534
332 716
61 864
671 566
637 695
638 240
769 157
771 100
372 729
195 887
73 118
435 635
440 847
618 608
106 246
532 653
240 624
556 97
556 686
814 601
66 619
354 797
196 411
513 463
22 669
206 212
685 660
925 859
788 889
541 288
54 39
618 15
780 818
801 104
159 642
882 85
147 513
497 49
334 374
903 765
527 439
674 754
342 620
843 137
919 553
761 256
616 383
55 923
70 495
553 12
829 849
635 558
265 765
759 478
726 908
463 217
178 507
765 236
698 831
406 678
254 102
265 742
624 849
554 363
886 524
137 726
585 157
732 751
452 908
108 81
493 371
260 230
617 669
304 469
632 596
77 267
461 609
620 747
623 443
512 857
662 622
186 389
441 891
675 563
7 241
28 711
679 261
212 273
871 424
121 119
159 603
147 131
169 357
506 53
107 612
146 130
347 783
918 401
465 872
323 585
103 496
383 752
518 517
426 834
325 396
642 907
422 116
63 536
762 497
106 125
738 915
704 442
868 275
681 635
446 713
545 667
359 183
36 26
364 511
451 176
261 438
264 827
915 585
847 564
614 15
173 922
874 754
88 3
520 549
578 516
659 774
477 459
484 441
233 690
287 862
74 259
933 285
662 382
919 275
189 50
264 802
372 771
486 490
859 307
365 401
295 208
552 239
300 797
505 681
768 631
894 795
200 739
347 628
773 715
64 760
854 688
231 185
493 232
239 329
811 143
725 429
312 657
143 697
805 646
538 342
756 513
631 553
482 608
528 416
527 658
200 667
419 420
628 142
539 253
515 512
174 848
505 127
414 233
344 752
400 834
136 114
413 15
759 827
221 508
756 44
746 589
603 691
106 505
141 678
842 565
273 387
185 449
703 628
445 442
730 562
140 935
380 895
159 861
223 674
574 329
522 262
461 218
559 298
636 85
87 96
632 319
82 87
708 295
693 661
128 851
595 239
869 602
856 343
152 6
750 585
70 250
885 15
906 362
599 749
365 49
365 636
903 305
337 506
67 529
526 503
876 8
345 61
680 803
73 230
687 757
173 474
891 467
716 107
735 852
604 513
829 324
891 157
78 407
687 145
138 872
505 363
875 676
754 146
689 789
909 723
752 174
510 536
934 677
168 857
655 35
901 175
63 546
546 600
824 450
698 440
310 898
613 43
761 178
64 627
376 400
105 476
538 174
501 295
275 86
701 846
424 461
578 206
359 884
458 80
794 572
317 779
33 915
658 380
209 893
627 609
866 507
166 901
669 924
853 282
910 549
585 47
16 862
908 751
911 37
372 265
479 712
333 824
300 429
417 143
58 798
240 597
204 158
648 487
504 426
482 642
647 276
587 234
644 883
694 903
602 73
261 200
523 301
578 823
267 619
454 321
538 188
518 565
23 820
191 727
582 77
582 534
159 483
752 211
340 80
515 132
735 479
220 755
866 71
428 845
586 326
398 13
711 572
497 664
421 303
498 124
924 446
456 718
511 168
167 58
633 914
870 42
545 785
753 918
549 410
596 113
397 642
144 490
821 859
597 521
266 494
824 460
914 328
36 319
537 502
730 826
626 686
537 103
919 820
408 899
6 674
178 712
13 852
893 463
343 423
91 438
457 346
38 489
477 775
208 362
651 40
281 431
68 603
415 721
571 647
697 576
681 670
147 611
372 516
893 699
413 70
252 210
162 285
757 348
373 232
529 611
492 907
697 802
662 456
404 516
777 844
600 520
161 570
110 409
227 146
523 884
341 305
437 846
665 381
378 381
750 606
605 96
491 253
202 565
594 678
847 360
522 161
524 701
102 401
820 910
566 739
532 439
169 868
206 540
762 854
675 885
341 329
859 874
235 129
456 370
100 350
256 257
728 201
267 394
177 615
822 728
133 824
851 56
428 484
639 354
89 885
165 893
96 23
152 478
262 274
923 748
219 748
610 857
883 248
424 499
868 620
595 172
524 779
919 91
360 208
730 499
749 512
823 281
736 417
592 614
207 441
300 826
934 325
166 438
796 428
465 209
600 511
14 714
694 567
112 228
828 170
82 602
763 583
380 155
89 574
496 530
425 396
426 514
491 777
419 395
702 662
151 547
502 198
857 258
658 587
808 730
419 536
648 867
227 22
249 925
641 878
768 71
418 320
761 759
49 270
764 326
896 374
435 924
184 871
706 459
138 409
231 115
730 453
548 793
275 813
718 579
422 26
637 625
908 47
31 168
507 347
856 915
408 644
27 359
674 25
253 590
472 214
55 423
884 592
702 507
125 694
729 792
122 147
882 231
756 572
890 167
328 779
850 41
727 648
818 164
267 438
837 659
841 458
640 294
143 584
38 205
646 630
187 712
923 547
617 396
124 479
159 253
553 111
772 434
353 708
541 726
377 352
657 886
570 848
399 110
759 211
361 820
765 3
415 454
89 131
64 890
52 436
627 703
774 135
49 668
192 121
325 179
380 501
860 783
757 613
262 241
210 190
380 191
248 119
738 744
885 631
390 512
48 577
613 874
742 366
617 922
193 867
234 17
40 576
365 538
460 754
118 265
467 182
412 384
325 609
494 377
22 313
524 155
252 566
751 490
418 471
314 235
78 64
23 794
298 442
688 473
135 395
263 669
32 770
35 105
95 297
906 621
104 319
911 367
415 859
269 519
609 743
613 215
603 538
676 265
456 791
491 743
44 152
561 2
524 146
364 476
684 899
797 743
178 642
583 108
538 12
282 266
142 509
365 207
25 36
575 617
803 117
350 613
629 811
854 896
908 227
765 913
492 398
38 774
37 774
558 167
870 633
210 314
672 113
309 390
699 651
682 253
790 10
44 803
389 644
83 721
341 64
75 803
149 552
481 581
353 648
335 776
844 563
895 579
802 120
914 500
221 539
130 391
888 776
597 224
530 219
274 285
257 499
385 745
208 399
189 110
542 505
70 552
106 732
639 1
604 229
839 781
918 635
779 163
231 324
700 141
343 693
849 27
665 26
62 550
393 570
268 417
90 596
153 748
726 274
359 799
233 235
736 835
550 879
735 31
703 619
578 198
64 309
590 316
621 345
324 292
125 522
755 120
22 498
595 428
778 791
252 198
788 90
481 599
81 426
619 713
290 771
809 881
510 741
3 592
385 646
392 314
599 722
105 768
107 465
880 740
741 248
264 265
656 192
461 784
381 334
495 783
777 58
906 520
765 40
802 18
676 914
880 104
663 803
333 444
616 253
93 296
72 592
753 497
775 544
388 806
412 361
480 681
94 586
748 147
388 258
209 400
561 635
377 598
18 182
920 742
207 798
478 706
282 188
339 171
234 110
603 917
110 238
720 793
85 564
693 181
605 467
643 896
152 159
775 334
649 311
620 637
814 890
193 198
470 448
286 638
512 233
825 86
935 855
844 291
546 72
520 121
369 901
481 323
716 265
219 109
493 390
826 616
82 808
476 216
380 791
538 929
686 217
727 904
284 131
472 99
57 527
371 458
123 282
43 249
698 154
213 773
929 572
90 391
58 371
901 99
507 464
373 79
176 287
106 586
731 207
345 440
508 92
621 588
438 78
739 338
816 314
349 417
377 245
51 714
638 690
273 580
754 781
495 165
925 84
400 278
436 7
310 167
437 805
704 137
370 147
42 783
73 462
2 361
194 752
508 430
417 175
702 24
388 448
134 147
736 889
413 925
269 782
39 18
618 705
712 572
844 328
813 354
82 313
564 725
39 418
624 930
571 336
295 191
8 583
118 299
687 430
431 506
694 414
471 901
898 147
45 719
669 842
180 903
769 681
898 258
520 390
43 505
278 63
100 576
525 737
815 405
90 481
717 377
203 329
539 684
652 530
889 704
5 481
517 328
486 156
149 603
514 11
143 319
75 93
791 611
900 727
497 259
759 736
155 926
870 118
891 424
377 136
379 585
566 128
27 651
751 908
826 309
759 93
458 641
840 366
345 264
588 351
75 718
695 48
167 706
308 515
700 285
721 896
122 808
344 440
896 874
513 583
182 587
502 606
41 872
803 208
670 90
411 443
841 290
327 365
576 827
667 721
930 398
821 562
218 172
456 367
347 29
203 327
441 208
780 935
288 18
821 232
217 423
228 159
433 644
508 686
588 705
24 198
351 174
806 790
230 821
230 382
713 171
340 99
934 556
403 545
649 793
823 212
530 579
452 296
308 814
94 87
521 713
697 50
728 301
767 131
362 573
170 542
436 27
232 524
749 111
142 39
398 205
491 541
203 23
115 268
836 706
614 894
153 242
7 70
122 611
314 590
536 652
573 793
126 683
712 686
894 186
262 408
418 242
739 650
632 751
924 245
428 114
929 809
825 360
39 738
230 520
685 22
280 382
618 581
927 548
159 371
929 375
271 511
876 717
811 576
653 32
106 189
572 568
397 618
770 561
863 715
790 121
253 351
644 728
624 567
513 562
454 441
829 728
61 846
190 377
780 329
927 65
930 144
739 512
442 61
560 872
460 889
543 795
620 612
3 305
86 184
211 50
677 433
323 556
823 822
383 720
755 475
676 384
887 832
229 117
656 116
566 92
811 642
787 523
288 794
802 110
79 152
707 150
618 816
154 7
504 523
63 801
471 766
78 516
743 525
154 611
894 40
514 621
450 294
181 773
864 287
790 924
111 452
647 93
795 124
232 443
64 343
247 4
435 504
267 913
344 146
696 487
33 331
917 380
423 18
888 4
529 470
12 138
143 805
757 632
460 21
813 641
153 400
699 825
806 612
487 390
287 805
365 355
849 376
856 609
875 402
555 426
554 702
371 893
910 493
125 182
162 160
147 332
258 217
77 638
578 632
498 533
139 13
530 759
893 177
289 760
532 89
628 536
646 732
332 199
558 504
212 330
214 905
307 899
253 24
770 610
128 169
332 86
579 546
402 36
648 852
400 256
14 738
471 423
224 502
810 389
873 322
429 292
747 297
125 501
732 131
218 447
290 311
118 156
727 877
602 236
450 17
721 578
882 761
136 282
621 774
511 865
477 308
725 339
248 73
528 582
69 362
197 293
746 602
77 37
655 425
696 54
91 258
461 908
353 515
818 761
697 607
768 141
904 890
238 251
75 456
208 373
372 837
102 204
635 221
486 111
783 442
808 761
183 496
350 437
709 521
19 818
215 526
769 467
753 758
791 577
762 723
430 92
108 321
218 84
207 575
133 440
360 698
155 400
779 616
85 420
413 802
677 736
822 390
715 416
168 687
904 324
798 802
451 886
729 543
806 351
737 495
831 301
854 646
504 449
322 645
34 580
880 103
33 633
363 224
724 917
353 279
565 317
698 767
882 198
827 388
758 700
11 684
412 179
657 815
624 806
551 629
40 396
21 609
766 30
869 146
187 323
450 288
358 802
201 836
716 464
862 708
807 566
734 857
80 711
690 918
51 275
795 839
111 757
409 256
299 545
581 442
103 369
489 632
213 499
934 526
8 696
379 530
733 843
239 587
866 803
722 220
264 294
348 328
379 387
492 674
271 246
266 625
520 247
468 189
326 183
810 608
707 110
29 571
583 341
455 411
683 489
154 127
637 311
674 236
859 296
698 173
134 434
412 48
624 931
183 674
920 14
119 879
814 622
925 334
88 160
180 334
128 417
760 7
874 115
60 795
721 183
747 644
83 545
393 729
306 269
108 52
884 866
355 523
616 511
762 386
448 17
236 400
861 78
483 792
373 878
926 111
527 55
231 858
344 189
589 143
612 368
562 799
530 575
455 855
631 16
755 591
194 164
152 23
903 465
228 770
362 386
452 544
569 714
234 840
606 193
755 51
24 807
135 327
49 692
84 702
160 70
605 407
363 20
365 702
22 700
611 826
652 360
122 341
566 152
20 831
38 426
689 440
862 717
531 279
200 219
883 523
261 452
515 641
95 633
589 94
754 186
518 313
315 619
889 468
872 380
364 929
468 804
553 109
94 314
332 737
380 585
62 745
618 659
800 466
35 383
242 56
723 663
84 347
377 471
415 104
843 651
185 882
387 715
82 209
282 834
550 620
341 154
150 382
567 342
330 217
757 611
427 251
157 14
558 623
103 854
418 17
681 909
260 451
872 588
228 485
838 874
850 36
71 164
53 681
794 551
889 373
875 326
858 402
273 819
458 804
898 192
775 774
290 313
450 99
39 669
187 252
133 925
907 231
633 884
896 340
164 434
288 740
679 792
96 743
814 698
247 384
195 166
175 585
722 173
505 696
633 799
771 392
330 120
150 701
345 828
291 879
67 833
845 2
279 278
912 116
546 779
221 696
24 406
243 10
831 437
777 326
621 364
423 102
218 129
788 472
242 315
408 588
726 896
389 239
547 284
755 478
534 392
481 501
342 428
163 321
683 856
488 464
514 292
127 572
38 772
59 129
313 702
889 517
840 394
483 379
234 783
383 141
76 94
350 478
544 835
854 608
51 885
575 357
38 230
908 773
584 616
90 587
490 340
328 391
329 82
424 293
354 625
427 683
274 50
601 218
759 781
516 389
696 860
828 451
172 228
372 784
642 411
219 3
365 32
592 108
184 905
560 69
851 582
269 474
328 244
699 906
277 37
775 305
563 564
33 513
713 231
489 666
400 422
293 618
476 286
4 40
170 304
279 744
690 68
821 4
783 765
721 240
562 705
814 726
411 215
433 70
129 763
133 147
902 36
667 634
818 620
852 874
270 857
931 33
532 414
384 176
337 855
354 624
129 550
396 40
493 367
186 475
633 708
478 590
26 87
744 22
800 205
268 371
305 511
876 421
659 207
698 126
517 730
495 777
683 632
373 519
852 334
564 208
306 598
783 920
552 386
104 645
33 471
117 514
561 408
923 749
626 166
694 296
629 781
354 538
816 811
555 238
840 599
255 261
737 526
650 174
411 95
464 922
548 436
329 729
240 492
674 247
258 381
885 725
31 80
859 627
604 680
329 682
735 813
21 81
495 306
1 870
466 724
267 70
710 686
414 507
271 534
628 630
198 883
614 594
923 774
473 884
40 764
167 189
316 134
836 59
267 401
734 436
419 42
720 456
773 786
316 117
211 775
713 920
898 753
314 79
745 814
86 273
314 645
902 749
635 901
346 914
301 393
377 296
638 71
123 835
363 269
898 787
773 133
649 399
134 778
784 124
859 330
510 144
611 176
885 364
192 605
825 319
297 329
63 625
520 410
43 397
137 27
339 51
124 157
593 142
821 827
36 113
607 47
76 24
702 747
653 935
579 518
122 103
714 508
182 318
882 928
681 832
529 60
780 199
836 484
394 339
307 133
52 573
574 414
425 50
836 190
784 273
642 294
329 558
382 288
873 102
351 270
614 554
155 906
265 167
410 607
875 471
195 274
434 147
270 388
366 788
192 572
497 306
928 352
199 806
257 571
701 747
773 198
464 123
736 704
362 925
219 828
826 185
734 818
877 651
889 433
429 377
255 794
55 451
700 111
352 453
647 785
148 208
303 47
656 807
76 577
207 387
299 828
339 891
13 198
39 220
553 465
754 594
919 908
355 497
154 428
852 368
582 754
839 666
237 867
535 438
23 341
231 682
806 401
454 378
603 754
244 279
788 893
124 816
837 262
89 504
786 430
533 578
418 116
202 783
258 416
422 25
673 906
119 393
623 748
238 476
187 769
576 474
868 883
899 178
68 891
824 682
328 51
20 134
190 210
372 657
341 846
289 227
625 6
294 769
443 12
171 131
707 926
207 711
717 843
142 373
580 448
573 346
426 841
512 271
931 471
401 267
366 152
846 301
900 304
867 319
573 246
317 834
412 175
125 452
159 896
196 113
589 454
1 101
384 720
21 549
353 476
61 462
871 800
796 519
236 111
847 706
591 313
304 242
462 602
576 702
756 367
375 414
468 812
200 417
882 133
439 791
153 442
468 389
726 498
925 706
785 717
802 55
908 571
566 847
505 899
688 111
317 130
549 637
927 913
821 446
701 921
354 174
318 583
639 587
217 811
844 384
464 380
241 266
50 262
768 5
581 419
844 809
223 170
254 304
240 913
824 550
534 112
651 308
27 230
102 603
675 615
127 106
844 437
468 100
369 678
339 433
452 240
480 164
127 317
864 282
688 207
21 502
97 429
336 931
851 443
619 925
528 33
520 344
777 108
847 23
427 80
746 552
856 232
359 544
522 241
839 474
436 930
400 707
169 553
193 230
18 907
368 76
773 777
100 531
47 116
682 309
497 931
212 36
144 844
74 584
91 570
76 481
313 49
866 41
829 147
191 448
500 287
707 129
509 108
48 855
805 335
6 753
263 169
601 234
793 883
830 296
194 22
104 415
233 548
72 796
900 395
477 283
558 28
542 737
817 361
713 21
813 444
792 899
522 142
686 192
170 240
818 456
342 864
695 50
906 500
516 330
7 12
193 240
435 175
715 666
508 292
717 573
518 493
925 485
216 916
451 47
618 51
164 294
449 90
859 43
72 140
901 887
525 172
415 805
133 50
715 258
101 123
848 796
8 841
466 223
614 89
910 675
343 614
384 92
888 317
38 20
301 46
271 121
782 519
222 255
34 474
399 726
277 635
847 212
8 75
444 713
247 343
673 367
507 394
201 638
14 685
791 699
439 838
706 401
377 285
430 202
315 270
132 673
536 592
684 601
849 353
480 652
926 511
267 757
252 301
38 280
861 111
609 673
132 189
631 862
814 490
171 770
601 804
179 378
805 632
681 554
404 650
921 480
758 520
209 236
600 33
50 587
343 903
145 274
715 839
366 913
331 555
245 540
321 347
896 721
308 71
384 485
826 817
714 272
668 487
872 90
396 469
59 350
75 293
864 889
38 380
757 892
300 216
179 746
332 713
704 348
151 420
389 489
728 424
102 39
592 802
460 50
852 390
675 850
492 497
128 183
758 762
379 731
362 722
474 639
839 629
260 120
724 815
617 403
712 751
696 403
309 687
238 432
4 552
919 412
704 792
459 538
834 48
602 392
452 748
40 913
459 274
902 144
618 8
824 647
146 911
272 606
354 874
659 224
482 566
396 221
89 318
427 445
454 111
558 408
755 94
516 896
903 686
850 822
617 404
412 426
277 479
374 673
889 183
519 43
879 763
481 762
744 156
763 140
432 188
143 29
593 506
522 381
390 688
911 24
435 765
516 229
756 217
443 198
762 488
305 790
473 181
91 610
576 380
722 832
485 561
208 379
90 512
731 562
588 460
626 155
919 599
562 572
375 545
598 651
585 371
785 302
1 479
241 72
288 389
82 888
909 442
141 870
290 416
456 499
171 495
139 198
621 619
415 157
736 597
424 342
369 640
225 411
885 198
733 376
71 625
758 352
193 184
732 509
827 275
424 575
889 155
853 560
711 412
52 498
827 534
192 698
248 455
856 721
646 514
468 910
180 912
734 812
366 496
367 482
687 821
728 879
430 251
769 102
75 366
274 338
597 24
729 144
16 703
642 82
807 902
921 550
613 184
563 25
233 209
30 164
641 221
383 448
901 222
887 485
91 78
526 197
347 429
316 660
733 432
407 250
838 314
187 818
387 118
209 10
84 212
771 578
225 317
282 518
581 509
798 13
330 859
475 888
168 896
464 503
138 888
235 891
859 158
868 352
333 128
170 738
483 888
395 715
69 75
6 121
890 36
855 827
876 23
531 404
505 433
347 576
891 472
764 842
799 142
280 197
491 381
788 765
185 928
756 851
667 520
516 601
11 665
871 808
655 826
527 625
142 875
14 299
219 730
405 353
813 292
67 379
389 178
329 736
818 689
781 453
802 333
865 394
222 25
621 646
320 604
392 121
345 580
627 90
594 804
481 498
371 82
101 650
603 655
42 273
570 873
574 234
15 602
897 181
384 443
921 196
135 763
580 591
66 564
693 291
532 284
