1000 9896
837 516
843 587
418 370
55 587
460 25
208 66
134 350
267 635
976 71
545 438
711 481
640 366
53 215
610 660
591 843
78 698
815 455
764 429
322 248
843 774
481 601
740 209
602 419
288 167
951 820
710 50
97 553
434 192
587 394
199 960
722 923
23 210
680 647
790 476
352 712
26 313
762 15
340 89
676 467
14 286
22 805
350 342
813 749
746 539
932 180
649 622
444 382
849 689
946 774
521 300
540 448
889 226
984 714
16 172
736 379
590 586
257 182
541 938
68 336
713 29
714 302
564 976
713 238
162 380
570 353
989 361
219 226
955 278
777 538
138 68
987 249
146 571
73 617
208 256
634 842
157 217
431 942
713 601
163 632
347 247
630 994
302 709
152 455
329 710
323 382
622 262
894 747
364 530
297 683
94 703
315 770
801 95
674 199
379 183
347 405
868 17
523 438
651 765
910 346
715 566
492 381
189 306
507 856
454 961
113 193
773 947
702 170
506 16
434 277
805 354
844 456
207 568
37 553
174 691
122 224
106 685
469 381
188 475
634 135
905 421
254 150
526 55
175 207
614 732
230 725
395 608
966 217
805 213
274 543
421 732
4 436
504 894
767 552
491 136
74 176
844 908
384 251
631 628
178 338
396 413
257 865
885 249
245 346
46 421
893 734
433 96
22 402
25 110
656 440
876 547
658 746
307 40
935 942
522 474
874 12
893 800
328 104
314 199
250 834
262 175
157 411
730 591
379 535
604 36
626 556
96 371
760 986
941 379
864 776
646 976
635 695
752 331
403 229
702 459
243 482
310 197
800 607
980 965
364 630
241 197
403 82
702 346
868 934
815 665
929 46
217 876
844 191
117 971
63 277
344 361
255 637
915 92
221 957
916 643
497 445
557 751
212 672
285 940
847 782
721 494
874 1000
377 336
673 259
830 171
557 913
796 79
635 465
450 527
622 713
579 517
18 971
827 675
481 355
304 740
72 640
87 823
697 615
884 551
22 882
723 995
745 895
378 844
569 689
18 749
862 506
459 517
649 597
463 85
411 422
749 604
996 331
795 348
335 15
227 910
987 907
842 209
400 964
385 398
708 71
444 405
196 342
380 539
487 337
730 699
590 642
2 955
168 463
941 403
559 653
414 436
72 171
469 951
328 53
225 403
483 659
546 431
283 831
159 128
570 281
823 953
521 891
168 749
957 819
136 643
803 437
567 436
436 682
928 565
266 420
894 321
146 515
474 404
544 971
636 264
564 605
142 751
609 576
816 870
636 383
301 680
967 513
768 217
143 195
953 83
238 199
609 945
668 418
742 631
158 388
750 98
916 304
635 814
483 13
925 851
972 127
721 441
248 801
344 500
768 406
91 577
459 997
547 461
722 805
869 594
526 205
205 358
592 313
921 789
192 855
923 347
908 565
183 619
458 38
448 112
268 299
396 240
127 158
75 819
706 755
981 315
912 350
896 883
524 843
373 171
158 26
732 998
511 285
918 439
153 255
410 214
124 854
115 909
850 296
562 244
879 599
555 773
361 374
135 217
543 236
465 666
914 840
898 325
991 842
615 206
854 898
732 42
825 632
326 735
479 731
462 303
319 354
600 716
488 166
567 408
842 649
385 344
854 620
983 72
786 644
362 530
20 60
518 215
989 752
764 857
214 382
986 223
648 588
242 79
189 564
691 942
694 807
643 819
788 168
937 530
332 92
981 697
748 724
360 813
56 102
310 687
424 522
811 406
740 48
882 993
423 597
320 474
584 619
921 832
819 161
274 278
113 262
41 33
832 468
226 127
709 626
566 809
284 803
905 537
429 971
417 899
40 524
390 958
796 853
196 633
490 346
933 348
899 68
520 783
153 810
151 499
343 619
273 385
936 223
44 452
905 836
121 335
948 814
420 327
663 717
558 37
913 578
418 864
419 137
275 583
283 886
729 810
642 179
996 516
758 687
766 106
493 510
292 639
25 860
608 243
147 497
756 299
190 433
689 342
85 581
254 568
665 285
650 75
871 699
233 739
968 874
255 890
497 182
236 42
600 541
156 263
543 661
857 438
642 805
432 551
809 571
147 60
699 635
919 682
612 392
460 141
445 831
392 181
500 668
753 214
271 231
437 651
925 358
78 171
195 601
620 363
238 985
296 416
204 793
445 1
543 856
291 743
865 734
705 949
140 448
144 899
627 920
630 329
852 819
100 568
395 530
501 101
623 716
682 528
408 679
60 210
436 865
17 181
383 56
476 334
334 596
540 263
118 831
727 903
748 418
808 87
91 3
176 737
528 342
228 733
357 959
747 235
657 263
680 160
496 961
633 128
427 577
881 620
613 138
697 903
1 148
167 515
495 150
187 193
390 486
323 769
31 464
90 572
949 173
914 912
189 952
353 554
816 142
291 933
747 422
909 651
72 110
113 582
936 759
293 905
794 765
420 7
967 766
16 597
771 711
976 851
618 296
671 294
531 627
751 20
111 181
827 906
333 347
261 142
366 122
267 565
587 952
329 920
915 129
533 306
988 485
647 334
906 324
981 640
957 259
812 670
617 498
378 294
324 960
273 850
56 30
939 293
722 687
963 996
337 587
584 596
839 260
716 81
760 742
575 286
912 710
786 35
772 82
759 194
853 9
947 972
677 219
300 738
36 804
516 238
900 613
909 9
452 692
307 331
1 564
572 197
765 262
956 100
353 25
124 114
541 734
619 226
16 471
164 87
605 327
974 576
22 93
260 706
580 735
541 847
162 592
310 344
827 878
851 100
641 742
879 562
288 773
96 67
706 848
836 775
398 40
896 468
89 850
614 415
455 209
332 742
629 840
500 796
428 17
451 176
811 592
719 744
722 188
172 157
985 918
494 306
122 643
702 484
928 417
640 303
220 983
351 367
959 108
392 254
723 917
267 686
894 947
644 436
26 879
816 433
673 460
245 761
332 665
911 126
659 17
365 208
147 997
317 429
142 40
703 329
596 402
958 281
199 134
325 900
821 527
706 321
653 838
838 322
863 902
239 819
700 295
793 579
921 566
792 938
351 624
715 354
383 496
277 451
204 741
286 874
291 251
130 39
22 121
206 458
44 481
213 642
989 97
899 265
793 782
674 536
429 426
897 888
148 438
686 178
417 403
200 29
268 730
650 739
675 12
327 769
474 343
510 393
390 57
243 73
546 291
529 695
533 39
189 849
872 717
634 820
319 242
195 32
352 768
200 330
642 609
773 409
646 921
246 925
928 606
493 204
792 189
723 374
705 620
122 534
964 411
254 767
618 96
995 487
850 542
393 167
307 809
19 93
612 100
209 575
800 870
750 238
623 356
290 920
955 918
905 173
635 186
999 693
764 286
602 417
553 333
783 148
632 184
460 479
32 190
991 422
890 215
213 866
715 32
457 304
772 185
41 177
244 584
482 837
588 664
528 589
946 244
231 322
141 86
89 349
93 381
896 598
684 756
303 976
782 737
336 494
421 695
685 426
939 838
268 46
914 632
135 798
641 701
435 660
723 105
228 649
870 200
656 94
305 128
41 670
427 757
279 652
928 958
451 251
384 741
987 477
436 589
538 961
206 115
824 750
134 901
498 405
940 60
278 575
817 271
557 766
247 516
33 376
41 521
936 683
560 119
103 703
608 355
919 967
563 120
994 142
911 355
206 559
87 376
159 671
916 378
241 168
169 923
703 82
216 474
696 996
255 603
221 855
648 839
347 287
406 587
83 810
209 539
686 983
928 183
839 291
786 173
739 151
556 583
173 869
939 51
52 870
218 394
408 906
407 196
373 735
122 238
196 809
88 946
765 840
35 749
843 2
545 472
442 745
114 634
246 71
730 400
913 80
587 57
936 271
717 694
875 258
629 397
26 138
831 693
175 303
503 882
179 936
348 817
511 327
594 569
649 685
5 812
624 224
954 465
535 140
421 572
889 252
33 984
748 321
508 574
642 114
741 536
372 93
373 388
211 345
361 452
490 224
698 845
521 972
222 699
617 667
814 799
873 289
451 215
129 79
234 380
234 399
612 760
812 490
850 821
651 940
944 178
844 853
695 447
243 484
797 459
102 537
236 932
824 343
109 307
698 368
699 553
494 151
189 635
315 800
566 315
17 686
716 364
937 617
475 550
189 492
985 373
986 166
53 269
381 656
717 790
765 522
496 139
198 405
377 342
104 506
412 467
695 912
679 303
260 143
246 48
84 331
820 327
197 872
990 915
131 250
859 509
52 664
440 947
374 263
782 814
179 791
970 840
477 6
659 120
260 572
447 882
943 857
359 38
662 819
613 678
741 858
278 968
245 395
340 369
897 738
538 244
405 443
758 859
158 669
72 862
21 139
7 424
390 304
600 468
653 374
486 383
901 844
279 692
379 580
159 130
16 916
951 240
439 946
147 662
413 787
803 439
256 82
571 993
214 481
242 982
78 272
428 455
693 381
987 80
309 68
275 460
578 655
318 402
981 562
218 548
745 63
382 357
838 740
316 663
243 625
872 31
178 656
90 942
834 257
91 933
829 623
705 673
189 496
946 327
587 645
324 805
284 67
956 598
886 915
298 152
304 981
293 209
910 387
752 467
382 658
436 270
166 147
648 238
61 935
613 714
485 100
199 985
75 215
178 246
938 859
572 615
161 994
50 410
268 293
805 26
933 469
900 290
776 272
889 489
193 418
823 426
625 487
701 970
942 460
763 625
948 677
308 772
205 928
775 596
188 850
429 24
801 909
862 758
707 691
279 506
136 892
897 895
318 995
48 195
374 815
675 446
860 98
129 6
385 188
966 780
220 222
214 547
201 436
628 117
591 355
120 675
407 981
141 808
726 391
55 678
337 69
465 136
926 47
711 815
983 74
576 710
994 865
77 59
3 936
578 608
996 215
446 240
29 952
266 346
904 241
164 897
220 517
42 367
963 22
473 423
540 603
651 722
928 317
349 38
15 341
592 106
645 521
298 237
670 349
307 857
825 276
772 501
760 733
504 681
104 419
541 680
640 655
23 258
26 610
288 30
305 537
711 145
958 799
825 502
353 501
464 938
502 150
657 221
30 873
967 440
550 96
74 441
535 276
60 244
355 464
174 884
140 316
838 431
415 508
633 799
870 540
796 855
467 91
933 346
311 346
738 226
575 789
672 732
361 717
285 138
650 154
300 856
161 388
723 104
304 234
969 232
954 284
582 901
376 236
206 87
471 231
92 248
495 237
315 347
500 853
871 838
86 538
323 948
324 411
699 177
441 161
404 19
225 586
872 667
673 990
376 970
432 876
984 777
181 175
517 709
21 278
480 632
396 798
354 676
545 373
86 192
466 726
803 685
18 399
682 934
648 618
61 555
902 163
190 145
763 838
640 478
899 547
995 258
389 133
601 959
187 930
142 967
968 586
721 374
707 295
673 395
566 638
843 807
436 343
790 802
866 412
955 949
514 800
435 25
113 343
540 972
322 509
431 205
992 729
19 455
187 569
924 450
339 866
505 78
515 807
308 559
867 280
444 63
141 393
436 651
748 13
732 650
454 384
862 29
993 338
580 854
706 569
321 605
634 514
733 272
457 13
370 854
851 437
979 144
532 504
718 623
719 210
188 794
615 989
961 542
410 268
675 280
288 864
291 3
330 487
166 833
637 726
270 911
16 794
747 260
888 100
828 729
286 149
589 548
572 726
974 38
450 386
927 148
106 288
536 319
989 507
202 799
77 225
594 13
541 706
323 33
725 436
16 599
272 737
902 109
996 280
138 246
488 15
111 183
79 459
43 63
930 237
414 938
271 39
539 831
43 76
560 370
512 245
687 604
389 249
119 110
490 826
592 50
649 13
815 504
82 599
207 616
632 834
778 634
69 631
89 73
273 114
388 325
407 235
766 915
491 442
18 966
778 860
446 550
909 438
16 299
702 700
700 285
848 520
300 627
192 108
299 832
175 349
714 161
672 637
914 415
758 190
136 611
121 43
605 265
355 445
628 606
934 565
519 985
560 662
410 241
782 585
552 58
849 744
173 46
12 236
585 182
15 831
235 509
148 412
63 515
619 403
72 174
111 791
386 392
171 674
443 345
475 986
963 414
858 616
779 239
521 888
594 94
188 755
700 205
264 638
930 47
825 835
459 461
918 564
691 806
219 506
152 258
688 340
137 466
1000 198
98 113
488 506
363 774
864 629
99 256
9 232
66 459
319 783
341 195
12 997
806 279
627 278
100 190
13 545
658 278
971 293
627 647
8 447
805 342
271 334
130 590
94 295
619 644
545 889
200 970
671 767
518 596
428 579
65 476
929 523
804 609
882 557
61 136
500 408
299 799
47 469
14 262
622 603
364 319
519 799
995 871
373 7
232 933
494 953
776 480
26 195
45 805
743 338
892 852
567 928
942 29
500 45
547 396
982 845
239 384
426 815
926 592
712 732
497 754
404 794
525 334
5 34
713 246
920 312
746 118
324 416
769 213
552 707
609 278
756 419
425 265
110 352
661 80
954 970
120 985
986 347
714 748
518 202
441 102
759 546
959 428
872 350
29 951
341 901
949 198
359 944
695 486
347 284
675 307
86 955
582 860
15 501
200 554
328 639
761 955
578 259
565 7
124 217
694 725
298 207
995 374
262 577
490 882
270 76
48 844
696 40
576 526
674 930
507 926
471 827
406 133
99 248
190 641
398 226
66 915
930 840
92 919
576 812
334 972
210 550
282 171
253 644
472 341
456 634
428 94
40 121
115 735
745 820
67 832
230 700
178 475
2 173
365 647
98 258
481 138
120 822
627 549
158 568
268 40
14 572
453 228
680 56
511 306
810 679
26 86
563 869
417 595
611 593
317 710
451 364
1 141
811 764
962 864
500 807
319 429
654 878
768 681
438 21
188 708
870 40
798 277
432 158
9 847
863 817
860 51
813 200
561 183
64 969
765 79
764 375
772 775
295 154
388 520
315 568
234 568
107 826
237 903
254 575
459 266
773 810
127 337
836 285
858 245
604 785
43 99
31 383
462 603
66 384
782 506
865 896
362 834
403 427
685 577
744 3
602 97
932 714
751 832
789 611
43 769
616 93
431 494
15 239
290 954
899 600
523 648
670 457
48 872
751 550
679 261
368 21
283 92
395 646
516 102
504 933
946 263
882 629
5 520
83 360
247 549
140 289
343 810
179 829
87 924
754 699
313 967
814 353
71 357
946 289
560 747
250 477
527 693
767 16
236 728
701 866
480 106
836 927
124 921
970 837
102 64
656 444
367 356
81 827
779 390
29 571
31 477
607 814
462 507
779 23
945 995
51 908
214 616
395 270
768 804
72 322
428 334
431 985
125 244
695 264
418 212
38 533
828 943
801 659
150 647
834 684
447 67
927 949
911 594
29 945
71 465
720 218
650 253
9 243
838 782
416 219
768 15
476 971
366 339
276 959
136 202
119 105
159 770
687 548
296 496
220 540
527 55
877 78
143 318
365 378
866 417
1000 679
85 11
857 34
506 48
70 721
182 959
255 254
403 530
498 684
501 251
717 711
297 132
199 411
961 189
914 269
681 46
455 687
115 742
442 634
892 864
248 453
744 586
898 852
306 221
221 494
478 205
867 388
335 410
232 985
448 822
529 243
734 180
295 824
68 502
715 601
774 686
701 646
612 413
188 831
637 520
659 922
549 466
958 618
477 343
266 864
713 217
951 115
344 108
591 24
352 175
999 33
357 178
361 55
931 255
418 22
880 725
185 769
684 477
413 785
915 595
552 631
785 777
171 323
376 515
892 154
181 230
730 45
354 762
372 631
212 780
263 384
391 719
640 121
887 881
828 802
405 607
389 58
399 698
598 780
964 418
472 992
13 844
459 298
337 492
100 40
817 640
638 552
159 849
664 269
26 874
598 801
682 145
222 366
597 354
924 246
641 724
682 32
411 683
385 990
703 330
445 70
697 490
150 381
454 156
346 573
501 223
377 481
486 525
731 898
708 319
919 147
300 705
573 544
841 483
912 352
329 215
827 560
633 769
306 193
89 759
552 249
457 123
477 104
546 779
156 579
692 573
420 472
629 102
421 609
499 321
481 222
918 426
435 701
365 964
974 978
442 227
851 5
390 643
874 174
384 296
757 497
979 937
452 111
770 404
384 199
771 981
918 772
728 534
200 111
736 122
970 639
112 843
333 173
941 302
15 673
823 782
591 274
349 899
171 431
651 921
64 797
289 952
794 342
835 85
176 470
731 4
290 322
272 953
863 515
80 114
354 625
292 608
212 919
307 957
503 398
939 64
613 953
856 610
320 773
307 20
184 142
955 939
299 719
726 106
263 936
113 464
1 949
878 273
97 971
403 733
98 223
761 517
833 144
212 331
606 383
143 743
260 833
523 845
602 718
910 191
861 595
945 883
287 441
17 205
532 868
899 59
114 823
667 55
540 319
447 807
504 871
38 335
933 344
386 13
649 657
511 317
296 802
763 652
538 42
6 524
417 451
512 500
650 563
997 728
45 187
104 521
603 625
215 271
362 961
306 997
43 422
251 603
471 86
183 322
794 741
462 271
263 298
842 681
258 934
693 258
594 329
384 860
357 317
603 61
161 2
548 618
868 911
685 559
209 382
790 966
540 697
86 55
617 212
593 289
422 85
152 537
527 466
655 9
968 731
254 646
276 762
649 96
248 861
249 388
666 997
5 341
189 24
389 566
70 773
416 892
73 874
442 756
460 589
709 594
179 143
217 320
829 983
58 964
313 853
273 527
689 750
338 468
675 943
343 805
714 139
326 189
454 390
827 632
153 921
886 389
335 385
658 946
218 973
311 184
244 845
61 401
390 553
998 730
405 420
707 764
824 960
788 603
706 502
446 34
41 622
405 21
867 726
673 670
927 1
200 88
629 32
662 342
519 443
972 123
667 716
500 683
46 763
196 172
845 777
239 14
150 533
669 507
581 799
162 656
328 843
381 474
552 954
664 722
446 575
775 256
744 322
427 158
208 784
509 630
773 38
989 780
459 257
522 33
393 263
503 88
752 716
455 213
534 856
424 567
777 245
834 52
833 318
797 155
947 818
940 860
660 661
517 12
556 550
208 700
159 908
599 384
127 387
137 231
844 489
64 966
563 371
201 662
787 891
959 665
658 244
1 671
148 858
442 635
630 216
80 676
192 110
834 469
84 52
72 532
252 866
771 60
813 681
562 491
38 33
456 258
644 709
101 760
118 654
643 624
947 396
310 348
168 293
371 350
706 829
104 595
439 233
337 291
889 782
521 108
853 939
614 791
475 189
93 870
634 597
533 158
426 506
478 947
614 7
194 590
157 378
660 279
797 650
465 161
29 800
410 802
86 691
555 472
630 956
663 781
703 800
545 322
466 525
967 623
548 595
290 319
347 170
498 186
483 338
411 529
690 828
252 397
734 793
185 444
739 693
194 50
506 256
323 458
252 508
221 875
208 890
372 901
213 391
450 987
679 238
437 719
296 493
29 664
687 739
213 104
893 89
963 183
213 217
108 385
511 964
293 17
829 447
486 514
474 505
435 192
957 91
27 26
134 978
147 575
16 265
260 908
465 918
320 1
530 789
899 111
978 716
649 628
559 473
176 734
943 894
657 417
386 147
71 595
678 505
315 229
525 106
818 244
254 506
183 42
793 786
611 567
814 120
46 486
488 638
966 343
634 848
664 609
519 733
888 511
54 940
9 258
33 743
15 563
870 289
628 112
96 321
278 535
836 5
68 943
620 748
676 686
492 851
552 596
238 283
868 694
371 886
615 427
484 191
321 695
68 830
507 374
531 495
831 147
337 971
385 442
552 882
722 446
355 827
603 65
548 710
526 679
20 287
332 176
243 590
458 387
260 413
688 592
887 600
125 767
682 114
976 169
77 636
995 201
480 206
726 107
751 104
531 174
309 133
826 693
657 833
341 424
217 250
289 227
494 654
957 14
416 656
853 461
122 57
178 247
442 576
174 820
162 835
207 241
814 331
305 841
782 741
568 689
918 485
409 219
598 605
472 989
966 401
571 451
791 222
846 994
812 556
886 344
157 766
374 620
747 2
658 625
550 547
917 292
934 706
866 652
561 378
279 539
118 609
659 981
913 581
515 281
438 120
702 917
701 574
461 825
359 885
510 350
584 653
149 108
8 880
25 182
599 550
428 213
431 854
589 398
55 278
235 325
774 288
78 173
409 640
749 44
505 641
760 819
827 153
582 668
198 993
125 863
192 443
989 694
686 654
677 797
308 208
436 909
707 588
705 588
587 608
441 866
995 263
228 446
124 255
309 792
256 601
901 103
557 645
681 745
782 282
969 817
511 702
41 358
313 219
670 416
924 63
91 652
685 735
350 139
633 621
270 900
468 978
929 576
435 139
576 923
409 484
322 619
144 791
628 935
94 31
386 972
494 789
23 1
745 901
961 832
853 338
620 451
583 201
37 165
553 586
559 32
502 403
662 811
154 114
951 331
594 964
371 325
337 437
920 584
546 675
361 319
897 779
940 879
408 360
853 918
837 497
816 499
73 348
845 550
257 5
21 228
24 312
318 958
600 619
175 879
477 598
680 451
741 742
559 981
67 267
513 229
752 311
333 116
561 209
478 64
431 987
341 403
931 291
38 523
332 812
320 812
997 46
979 559
107 792
695 443
42 926
573 987
104 34
980 963
341 955
349 394
138 983
588 291
436 16
369 19
441 894
826 94
493 946
80 345
851 948
873 556
202 788
269 481
544 423
160 432
861 760
18 946
531 272
917 823
717 709
313 775
80 534
407 85
421 40
913 48
456 549
183 690
865 479
611 175
593 968
870 584
83 262
9 623
528 649
446 948
982 602
162 907
877 400
970 50
644 823
593 857
835 932
583 322
143 877
537 542
917 896
227 948
908 83
966 473
476 77
387 708
214 825
984 648
219 917
845 633
927 998
978 410
262 355
409 941
907 154
233 209
55 440
392 728
908 256
23 719
979 749
546 280
180 526
698 79
256 86
755 914
613 336
51 795
968 201
676 538
206 685
829 792
223 633
578 536
725 999
911 310
534 396
137 471
391 549
933 699
346 967
60 825
137 32
981 687
618 555
968 566
401 363
446 129
612 77
498 925
448 800
359 988
325 732
803 836
110 73
97 661
276 716
170 459
282 513
669 947
728 497
855 936
861 683
352 279
197 853
798 600
357 373
948 365
752 294
843 113
316 215
687 960
622 195
804 620
970 372
899 176
580 907
445 294
876 14
714 881
400 233
255 83
681 8
644 900
921 569
460 741
838 470
127 21
112 306
865 340
884 688
120 797
670 963
879 895
828 463
560 693
136 913
780 426
306 289
399 844
396 204
942 178
620 952
548 45
603 888
776 616
718 469
300 150
85 984
489 91
718 324
591 254
564 874
822 422
290 15
110 500
435 970
21 397
484 718
980 694
983 209
366 205
37 915
957 475
724 691
341 529
440 318
663 784
284 759
266 326
103 743
402 774
40 732
632 449
650 32
927 540
677 713
493 88
665 549
151 758
997 344
212 512
320 441
381 739
494 495
227 197
325 688
497 383
83 898
972 116
528 789
856 642
390 332
697 342
915 267
269 550
922 565
522 683
728 380
343 588
623 577
916 935
935 901
888 898
705 92
139 658
658 170
145 5
37 63
60 240
575 563
866 610
362 504
930 950
865 263
135 631
908 821
931 748
681 501
240 867
849 779
891 35
192 198
656 181
883 596
240 754
439 50
784 9
325 423
681 663
435 9
45 40
338 50
434 609
916 957
736 225
129 501
167 533
340 907
894 86
435 953
845 914
183 303
59 997
137 595
784 326
894 417
537 18
646 860
149 220
634 994
627 960
452 355
937 965
404 398
544 865
872 302
189 975
315 380
926 158
30 467
198 881
215 845
181 77
720 241
759 688
686 766
657 736
964 484
858 99
752 674
34 865
151 538
432 684
950 546
999 435
129 716
977 896
915 573
959 816
823 988
217 59
535 993
41 357
994 325
556 572
463 570
299 557
826 982
126 832
364 973
554 45
540 968
544 11
672 48
395 699
970 317
273 27
771 292
679 407
985 196
816 22
529 490
527 867
144 776
353 134
743 433
981 170
286 690
748 9
880 145
610 102
931 605
118 89
912 156
869 831
764 602
594 562
576 41
494 780
490 459
127 946
719 655
597 702
582 162
533 934
508 23
480 476
45 12
943 535
415 174
241 801
278 754
262 279
324 84
92 216
304 759
992 470
349 551
78 31
431 885
146 903
534 274
438 359
355 700
507 320
437 53
185 961
242 943
279 994
780 517
432 923
937 690
497 251
738 923
372 653
375 254
911 322
398 307
859 124
646 245
740 144
480 870
907 539
660 945
990 600
276 954
705 728
578 326
210 649
503 203
380 374
511 716
900 247
4 972
705 841
579 816
484 692
964 766
89 220
652 807
299 521
217 128
808 509
493 723
824 298
819 159
882 517
61 96
743 580
490 762
786 319
311 504
97 820
248 456
433 330
748 681
58 585
495 764
19 65
648 307
45 829
396 41
456 260
629 399
44 507
48 605
743 180
861 44
771 220
311 15
439 122
906 637
10 566
562 203
603 925
414 300
144 304
3 278
609 44
955 24
581 258
319 401
836 781
606 659
917 460
442 44
816 209
980 556
432 202
324 72
1 123
789 2
768 347
349 523
386 367
335 584
174 205
177 666
489 408
809 609
572 613
965 78
793 368
634 794
263 364
437 9
534 681
739 649
497 790
778 119
436 983
76 334
646 70
786 957
290 684
134 261
247 388
583 558
341 207
158 399
327 492
575 90
668 296
27 464
107 276
952 11
130 987
331 70
332 277
596 698
463 589
320 501
247 170
873 589
514 885
507 793
865 687
772 429
97 517
811 321
669 803
764 359
32 168
663 365
207 505
815 254
32 775
605 726
507 615
813 563
183 608
244 91
465 891
249 156
411 381
491 43
956 919
739 257
443 844
390 981
529 67
487 63
907 290
71 444
553 69
184 672
222 824
259 206
224 204
131 776
226 406
64 293
231 907
90 642
197 247
221 145
700 636
957 541
803 235
624 444
201 349
970 416
781 386
519 364
871 857
897 28
111 932
958 264
550 193
392 580
673 565
525 556
399 437
175 919
399 259
603 645
759 905
280 185
138 59
485 192
179 55
253 356
570 38
898 529
833 933
915 846
935 435
975 914
484 927
292 576
285 218
837 925
513 895
665 490
523 386
156 800
835 372
673 113
893 406
569 64
553 971
680 888
77 745
479 21
796 377
66 90
229 574
213 409
613 24
777 412
49 821
69 698
506 4
92 845
536 981
424 303
726 984
729 36
913 221
677 268
805 455
482 236
787 933
615 577
528 579
83 669
822 805
643 146
611 230
817 349
117 113
905 659
503 868
728 953
913 793
771 135
306 986
700 150
404 843
421 915
525 285
196 405
920 98
263 429
23 528
283 847
876 582
879 737
92 245
275 591
765 218
983 775
162 487
864 245
243 240
176 151
765 75
654 908
81 445
662 427
556 106
115 426
105 128
427 73
966 893
256 142
384 883
756 752
993 689
240 84
318 476
708 204
12 843
622 270
380 141
381 420
43 103
494 364
276 935
124 249
241 51
424 749
209 541
597 893
18 61
754 243
477 632
481 637
243 842
856 671
969 896
770 723
273 905
437 950
747 826
905 348
213 159
311 614
574 184
583 58
964 968
714 807
218 694
700 374
347 966
776 350
858 142
912 270
490 278
454 389
348 664
684 802
313 971
743 257
304 478
343 919
291 808
790 210
918 391
352 458
975 210
995 560
317 550
534 215
885 193
851 81
319 774
395 215
801 3
658 595
366 590
737 74
295 630
352 40
339 274
326 636
46 385
832 657
73 2
283 593
971 914
550 815
898 260
955 221
868 618
940 911
561 70
428 187
746 74
324 484
246 829
972 655
383 808
974 453
826 595
555 270
119 327
656 907
879 185
497 75
833 529
502 740
778 734
472 951
87 411
678 731
8 313
988 172
655 249
949 476
200 757
455 103
293 280
424 713
816 416
282 555
954 286
397 298
271 369
276 665
407 369
878 716
860 943
899 969
758 358
580 913
9 540
486 756
144 885
459 684
31 1000
770 840
439 343
352 359
938 530
795 423
601 372
567 603
8 98
439 452
352 470
23 773
839 615
352 69
280 738
851 109
853 967
140 950
667 911
997 652
780 230
874 217
733 130
385 170
704 392
614 143
548 233
932 648
632 90
44 56
745 277
401 813
882 478
940 2
688 107
85 661
727 202
358 683
950 431
224 587
726 390
452 459
993 761
333 376
194 158
160 786
90 95
846 910
209 443
108 591
308 57
699 696
527 486
394 558
345 52
327 124
539 572
556 630
283 250
891 56
412 414
15 587
300 425
950 922
511 880
316 866
812 927
590 965
17 443
971 6
203 400
956 690
616 439
636 938
692 884
165 980
661 959
709 600
467 212
261 311
224 495
520 140
830 937
528 759
291 787
572 224
19 736
22 129
79 976
199 539
537 760
610 414
3 308
903 409
818 243
379 794
305 12
605 153
457 857
899 270
258 410
206 380
79 246
927 420
348 21
149 996
187 145
987 502
491 519
974 240
189 904
560 868
799 15
567 99
812 138
794 653
965 420
343 112
920 219
281 615
319 251
432 981
879 19
972 727
648 741
958 902
210 695
146 750
294 318
646 35
355 828
851 675
907 725
152 292
234 739
109 501
110 54
441 843
835 375
123 185
346 840
541 57
247 24
198 580
548 935
361 516
238 965
503 833
463 544
677 442
454 877
327 241
847 974
528 934
877 163
843 31
772 17
866 212
334 934
890 222
193 358
212 934
304 676
640 850
218 834
537 954
630 7
995 646
373 230
563 74
305 846
617 353
701 1000
409 216
67 980
504 218
175 385
306 368
514 269
330 378
3 272
836 928
675 354
770 82
24 688
996 814
896 484
434 543
334 287
789 419
352 252
867 783
708 265
304 127
305 266
755 814
495 235
215 248
378 509
436 763
163 773
522 324
851 496
983 247
180 43
851 609
779 204
283 514
447 42
882 377
90 748
46 812
197 200
309 134
458 704
609 896
61 549
152 383
22 392
411 730
36 202
694 795
329 885
221 831
384 658
441 871
333 657
815 637
82 915
843 844
684 718
777 46
708 626
180 171
916 615
829 258
191 533
213 45
821 942
36 554
247 349
990 815
518 646
558 691
904 54
248 720
49 929
32 209
754 466
94 115
142 517
100 544
191 715
458 57
326 38
398 947
559 188
943 221
411 292
784 826
839 860
359 553
554 988
745 795
600 50
165 117
601 287
766 611
586 461
399 992
477 172
336 832
979 150
407 641
939 434
533 563
550 755
917 724
519 512
776 524
582 160
831 643
581 104
197 863
954 314
337 340
672 843
208 18
715 879
77 266
570 276
873 443
266 171
110 434
42 562
738 695
371 898
7 240
730 711
513 107
271 783
418 209
20 13
673 610
632 285
831 327
409 530
376 603
713 636
916 455
789 831
920 898
885 806
47 677
85 466
341 952
712 292
678 585
200 536
988 593
481 845
722 389
476 46
842 583
735 409
630 737
9 71
605 957
597 874
458 454
976 407
519 487
764 494
982 413
143 261
826 761
42 168
322 424
878 717
181 611
334 879
498 681
799 803
783 378
199 899
37 100
203 324
648 471
832 276
705 26
942 729
1000 586
948 426
594 754
425 851
669 528
377 42
782 817
839 832
87 959
496 680
942 443
377 155
196 697
19 820
258 4
352 471
575 811
988 316
20 638
64 330
546 706
949 647
841 627
851 221
484 466
448 600
788 746
827 68
22 294
280 897
577 957
724 964
963 388
731 242
879 280
805 645
737 311
665 18
707 907
68 951
737 416
941 342
500 570
512 282
622 485
180 337
552 523
973 69
302 911
998 408
109 383
310 958
332 162
224 571
595 540
74 889
56 228
954 645
313 251
798 134
261 123
214 53
53 249
111 439
151 604
759 491
834 990
212 606
798 701
845 542
344 334
164 729
199 457
523 582
619 749
377 650
764 498
415 1000
308 344
511 883
627 570
84 263
191 557
29 386
782 64
514 738
182 924
808 475
921 796
596 410
243 946
87 893
771 382
575 536
300 954
247 635
415 671
380 197
844 751
54 612
819 366
727 839
818 97
947 383
344 936
272 69
628 696
115 999
297 534
564 366
361 363
331 883
27 602
943 600
72 865
642 53
202 748
404 800
615 112
263 31
582 379
175 691
954 242
547 97
399 412
683 89
239 221
594 60
618 438
503 446
360 489
807 273
539 991
205 255
578 635
854 724
949 192
826 381
590 210
901 365
423 153
816 827
375 160
161 490
90 48
255 990
441 842
940 404
623 255
934 382
419 927
226 675
136 135
457 773
781 745
623 364
915 415
252 738
916 563
334 820
99 145
653 640
784 561
596 261
567 715
838 279
658 169
517 354
758 478
549 81
823 11
533 685
625 388
183 868
408 626
482 959
361 694
756 222
989 44
537 731
40 413
538 132
477 248
206 302
596 114
987 567
126 193
609 249
168 481
166 860
943 636
824 920
162 259
842 353
680 348
556 439
131 516
881 864
456 139
96 242
751 293
992 444
580 211
668 431
765 73
323 74
873 655
794 325
950 485
681 848
867 905
318 371
154 752
487 852
632 369
601 742
360 84
939 561
327 656
823 527
238 21
363 708
513 857
134 451
667 273
13 530
158 453
949 454
185 361
260 125
887 158
156 62
105 706
397 260
492 134
536 900
494 588
612 151
813 529
445 24
123 418
951 786
972 271
938 907
544 783
795 782
833 119
858 165
430 295
400 278
348 628
147 515
981 152
486 718
607 178
865 439
359 344
278 218
559 191
317 800
123 625
71 497
697 962
61 315
390 915
174 10
804 389
850 866
112 381
700 86
719 298
442 322
408 590
982 796
352 443
558 223
686 16
154 225
905 879
193 653
529 811
861 118
221 215
685 168
870 236
391 29
582 304
568 798
456 88
594 226
978 69
45 154
708 366
103 356
950 167
251 694
92 219
555 725
333 159
940 905
444 856
926 332
950 86
219 216
800 525
827 281
902 469
172 178
929 361
52 488
750 643
148 59
25 944
731 210
203 989
461 285
501 784
302 995
817 525
565 935
603 28
345 316
935 117
333 291
891 281
599 200
160 871
40 733
592 922
539 677
209 494
30 748
752 592
621 529
807 908
613 845
617 394
467 623
66 116
921 918
811 358
874 990
247 880
722 443
236 231
143 693
271 480
899 971
807 754
813 881
522 622
744 658
728 311
726 774
819 224
503 411
342 543
848 624
743 577
943 3
711 564
325 824
161 847
92 597
934 834
611 211
999 808
321 641
912 364
362 319
142 401
425 739
706 532
840 542
144 21
420 418
131 785
482 615
600 190
12 20
252 459
399 884
349 501
107 303
235 498
128 936
755 715
810 776
775 782
408 328
582 909
103 315
624 482
328 63
24 538
97 358
315 299
764 762
250 844
90 537
130 814
183 272
332 622
738 745
262 129
722 949
301 933
125 33
882 476
996 340
944 199
963 787
388 817
551 922
186 278
934 725
308 229
381 505
368 568
220 569
919 775
565 955
289 240
553 835
5 212
924 814
962 153
64 677
668 299
778 295
415 858
754 166
203 189
801 383
646 611
640 744
588 33
369 797
96 947
170 326
155 422
963 543
674 598
434 211
679 459
155 87
585 654
549 811
666 585
98 23
473 172
680 805
74 28
274 714
558 970
279 191
211 221
191 915
359 493
753 674
258 118
390 603
305 945
588 628
37 458
224 207
337 343
432 316
361 362
335 154
67 536
837 36
175 717
646 586
315 454
484 503
301 231
623 382
703 540
137 571
393 786
413 207
824 586
107 966
261 299
924 765
300 327
758 278
566 46
803 296
939 456
73 971
24 129
885 876
265 185
847 658
709 946
351 293
298 947
947 533
930 300
806 103
312 107
755 257
518 495
208 529
613 931
389 169
964 531
270 164
697 120
695 669
504 618
298 213
63 343
259 797
801 170
17 379
113 210
496 166
531 110
330 853
661 767
611 444
338 712
526 38
551 288
518 555
703 485
562 763
464 930
446 534
711 30
269 7
307 492
74 417
350 434
136 708
947 188
415 370
911 537
606 131
184 720
231 202
988 455
435 449
553 166
274 577
828 120
810 543
23 222
154 27
67 982
582 43
235 156
897 837
115 962
268 292
788 589
438 194
205 717
686 100
465 288
712 767
550 951
277 49
679 566
49 178
529 616
352 669
756 31
850 36
813 176
536 299
484 602
519 482
989 660
188 690
428 353
450 297
287 686
510 573
396 829
996 364
209 86
941 669
390 173
85 587
121 770
638 825
15 304
197 701
298 772
523 215
262 875
871 685
234 615
664 429
115 309
341 787
106 414
75 331
920 838
207 894
722 558
796 297
389 141
927 653
146 498
475 578
208 839
209 530
739 360
365 143
222 296
616 211
445 23
696 203
36 596
56 362
562 524
815 194
765 863
911 863
329 439
93 438
101 923
389 10
506 249
211 102
169 495
174 920
47 394
250 258
735 793
648 283
664 489
710 201
54 557
74 167
301 508
267 308
354 467
438 831
794 15
889 139
720 968
589 762
241 852
177 400
90 659
896 450
605 112
611 707
426 625
77 474
477 210
334 137
870 463
104 762
470 985
533 245
630 210
890 924
135 313
754 934
713 401
849 209
45 460
42 338
885 804
389 463
891 427
924 858
989 774
43 68
650 228
907 543
830 485
722 530
959 195
375 24
195 686
490 802
489 909
380 402
216 302
472 216
893 672
184 332
96 936
557 885
100 992
908 693
625 7
553 290
290 840
244 747
706 664
31 695
382 601
771 260
790 544
60 197
913 43
532 683
259 304
666 741
204 612
545 132
410 39
511 157
279 267
49 318
857 743
165 736
793 69
615 872
692 727
474 948
970 785
64 332
840 509
770 24
142 693
659 637
59 67
150 382
617 749
11 932
895 302
684 325
229 352
414 479
822 479
381 37
440 713
456 839
486 480
882 477
522 282
209 13
872 731
923 969
507 352
897 214
864 815
629 737
544 941
377 844
907 349
485 313
753 473
915 822
290 872
384 115
51 572
272 995
935 24
359 842
638 595
255 949
807 34
498 918
246 728
300 447
242 403
88 853
921 881
332 352
887 502
682 364
394 783
307 98
473 782
899 806
536 620
424 116
506 206
14 415
662 539
535 267
888 986
460 659
634 194
13 29
469 481
236 490
487 966
739 261
608 600
236 377
305 980
699 806
410 170
374 747
601 341
505 360
344 938
399 986
355 419
754 845
960 244
947 494
714 431
493 352
810 858
725 810
980 366
249 732
289 629
951 63
457 158
561 417
10 441
249 589
452 86
736 73
992 35
441 291
258 699
137 570
279 723
176 16
139 100
250 865
362 871
751 259
559 825
167 850
977 322
559 904
20 80
168 835
998 299
987 812
307 740
879 28
402 752
837 520
203 996
809 240
512 6
588 273
509 568
517 795
556 823
740 84
260 987
392 132
138 1000
821 181
237 78
845 271
350 887
721 257
246 292
7 766
697 488
881 123
511 640
256 738
791 562
26 760
66 763
783 158
735 241
576 518
922 574
668 46
925 697
505 200
520 366
531 222
165 100
576 949
459 779
957 8
300 607
924 503
108 78
377 390
1000 842
752 214
699 571
896 955
917 987
452 758
948 531
128 627
724 169
118 712
899 675
439 190
520 536
282 375
376 134
230 97
414 360
736 230
188 621
324 125
951 176
332 544
189 937
501 605
512 678
163 774
93 729
832 599
483 549
10 191
271 820
297 582
890 1000
547 553
928 517
592 658
759 542
214 145
291 29
894 535
553 777
94 683
989 801
773 372
702 426
775 426
265 37
928 483
394 387
844 143
717 151
21 608
78 627
887 235
545 110
229 973
950 551
347 542
534 806
920 758
209 529
527 475
913 403
967 224
199 122
994 350
939 323
706 74
579 1000
564 92
91 642
97 577
557 929
688 848
14 420
972 408
300 753
852 570
374 305
781 207
819 420
839 857
936 392
942 418
322 775
453 63
614 554
575 816
352 823
736 420
313 567
595 491
177 6
234 49
550 577
534 90
388 423
224 103
978 432
542 561
210 70
173 82
662 165
606 696
755 670
572 888
920 457
504 326
323 778
196 4
767 975
898 256
572 751
42 942
685 72
621 57
337 150
915 575
348 510
703 676
137 707
284 534
501 877
317 93
46 988
765 476
656 624
531 636
803 739
203 991
241 352
773 455
497 254
902 245
100 429
626 149
367 913
674 255
587 419
792 366
636 922
152 221
588 168
437 756
166 18
764 489
105 700
895 593
472 217
18 29
332 932
901 214
354 133
887 493
156 947
680 557
643 419
403 503
847 899
174 731
66 928
188 406
933 86
408 799
778 837
818 790
362 426
658 239
967 379
273 139
516 209
44 722
49 684
196 533
785 240
999 187
387 93
641 977
37 468
130 86
652 247
763 732
282 173
13 299
768 945
917 757
59 213
11 854
710 980
896 228
896 560
969 222
842 340
456 487
789 299
242 520
656 556
315 444
137 908
101 451
489 97
714 872
897 922
310 113
457 899
465 504
980 553
675 29
620 56
291 260
76 534
918 995
707 908
444 894
769 113
367 102
977 502
280 162
471 320
950 419
879 507
937 768
167 911
646 823
963 52
341 1000
858 258
324 762
329 976
954 785
263 473
523 268
945 626
551 565
659 316
552 812
117 770
225 964
837 821
930 377
734 915
274 245
721 292
425 359
981 794
5 120
414 681
240 290
94 413
296 468
133 427
854 139
925 724
213 226
910 56
164 37
644 108
26 217
243 951
687 974
106 745
450 615
457 257
131 192
151 29
390 831
529 437
396 228
606 165
611 241
785 323
832 226
575 618
154 402
676 307
14 702
781 860
104 72
49 345
766 702
698 582
754 842
927 738
597 640
935 56
503 957
118 665
989 118
247 389
279 524
908 508
250 652
162 762
645 939
912 4
319 432
129 760
767 822
578 805
102 915
492 827
90 690
171 278
754 945
107 367
626 616
293 823
234 893
261 297
172 884
34 117
237 922
879 31
687 637
225 774
835 93
301 681
199 482
717 97
237 968
364 690
38 823
241 185
369 76
544 680
32 380
158 492
471 639
42 77
212 632
318 150
178 573
765 599
382 109
238 969
41 371
276 750
607 604
743 832
293 429
49 953
290 578
26 667
804 575
736 861
493 662
206 151
80 581
299 997
818 847
286 969
51 68
550 414
936 286
934 825
666 683
35 14
761 367
122 435
344 873
921 203
114 815
903 731
281 175
652 345
619 790
486 771
495 563
956 39
461 639
637 998
547 450
589 835
680 33
240 744
538 131
840 154
886 339
984 727
549 257
462 202
961 697
110 696
242 592
477 407
745 383
238 959
818 501
983 941
135 118
487 738
570 370
897 962
680 494
702 879
133 528
392 662
360 612
851 500
961 80
750 746
755 80
94 877
167 966
498 27
405 957
131 334
473 779
896 36
509 761
702 472
349 784
280 265
195 406
915 881
539 813
25 763
924 993
686 768
697 718
397 607
660 923
721 211
890 570
889 633
290 576
664 333
494 480
152 609
445 164
981 978
764 454
433 868
967 227
886 234
99 228
569 635
510 499
806 54
402 296
297 6
722 993
491 411
959 540
202 887
303 24
415 562
536 364
245 465
477 789
788 68
524 594
501 159
619 980
35 615
524 472
623 720
239 783
222 219
960 480
905 545
423 392
455 814
491 246
358 642
44 638
72 669
545 651
982 928
788 781
951 723
383 445
81 647
62 834
466 443
932 44
481 420
980 304
799 291
480 466
337 319
300 197
121 480
36 577
805 540
991 865
978 64
934 874
267 101
430 563
567 54
56 656
552 757
362 700
271 666
661 46
830 939
591 301
388 582
25 772
337 106
251 748
720 437
216 389
918 550
189 686
445 516
872 368
980 859
489 704
487 885
25 637
774 33
564 509
301 753
450 45
427 177
507 420
7 547
803 960
274 142
863 720
147 171
298 24
377 513
804 770
56 42
184 223
259 655
748 935
276 678
27 232
448 323
467 481
483 68
459 837
430 326
639 556
469 292
87 853
791 859
297 243
500 398
818 791
503 517
141 2
240 963
4 270
546 909
363 15
753 699
975 855
832 54
575 966
687 248
357 741
378 704
36 14
183 937
847 454
982 380
272 236
951 420
27 626
391 237
818 347
927 463
50 817
438 136
211 55
116 18
816 376
287 957
895 296
187 249
483 670
546 416
522 393
794 690
814 689
232 301
231 545
625 473
534 304
257 260
243 175
979 611
390 684
379 447
363 978
161 367
309 472
624 321
115 361
959 434
925 254
48 286
951 494
324 763
643 949
436 989
73 957
285 990
8 764
446 82
391 599
879 216
938 266
385 666
777 136
138 588
755 471
196 432
632 650
942 829
501 455
30 719
803 845
281 950
756 811
78 731
230 834
599 463
674 994
877 41
735 159
113 132
388 412
230 989
860 904
757 996
957 226
139 879
526 73
196 852
378 915
423 605
459 766
558 606
245 161
383 585
728 133
670 808
909 464
123 589
783 459
679 554
994 216
762 108
143 985
396 459
415 441
201 101
2 78
19 852
439 39
331 742
92 894
903 404
260 682
500 55
950 918
58 329
754 986
993 114
278 850
118 541
125 37
380 588
988 179
182 254
607 587
707 589
603 620
106 76
812 240
67 315
381 199
590 901
258 552
668 983
951 881
255 324
289 966
219 5
116 955
465 133
484 167
485 202
15 729
162 191
422 757
333 390
669 300
945 524
909 258
642 740
574 763
79 476
181 995
661 425
907 601
412 217
806 297
147 924
846 542
378 354
630 334
868 321
265 378
823 813
821 853
593 734
577 241
854 867
598 169
524 305
329 408
93 431
353 258
793 362
981 128
507 537
150 569
19 549
807 516
773 756
134 950
448 169
877 448
435 341
53 782
990 225
518 840
478 277
417 783
681 510
214 813
774 845
421 699
775 540
761 72
407 888
11 691
291 512
14 306
272 165
534 205
558 199
207 31
687 289
837 116
303 552
272 308
291 16
183 6
187 67
480 55
23 953
318 827
724 794
70 508
205 347
797 951
246 717
564 934
84 552
346 467
974 209
868 636
335 921
85 886
105 104
825 679
720 571
257 467
86 640
340 880
751 150
664 146
617 86
565 734
159 586
627 13
480 994
780 716
146 719
807 134
578 714
171 160
262 761
531 832
470 124
511 576
40 628
350 849
540 801
89 201
15 241
14 619
481 631
8 97
373 641
744 811
943 277
47 192
438 519
716 177
682 481
520 412
597 146
184 850
892 466
341 340
861 541
682 368
79 704
264 297
946 317
198 214
124 101
865 188
250 257
992 562
848 694
120 749
799 505
636 717
322 773
527 257
714 3
473 663
221 49
460 955
689 967
712 544
359 135
58 670
521 341
211 500
197 201
624 363
664 562
495 820
429 486
358 468
567 128
220 493
206 40
542 582
693 730
950 187
788 322
607 784
194 303
723 367
580 172
310 716
16 563
276 13
295 291
634 769
998 358
432 771
716 432
90 803
381 352
589 315
57 410
475 999
60 975
320 804
444 954
547 795
397 864
769 309
110 145
665 708
777 770
372 660
891 428
604 975
532 28
436 105
788 134
458 737
762 594
890 748
90 500
401 391
916 290
591 864
596 830
748 484
815 540
303 360
595 78
568 215
127 803
588 170
972 73
354 272
925 349
817 892
290 980
240 151
293 403
386 535
406 722
319 579
360 624
74 258
39 576
88 922
35 693
465 784
100 705
122 121
912 465
911 557
606 207
331 415
282 233
947 249
877 392
861 771
364 349
374 135
365 692
636 721
810 722
524 193
987 706
699 310
554 735
774 676
701 668
244 217
83 221
164 577
693 796
163 21
491 896
516 535
440 780
461 872
814 980
284 807
563 724
379 739
750 982
699 20
352 185
758 625
724 961
395 471
862 947
186 48
634 643
580 128
927 893
729 926
896 207
863 883
370 132
523 32
281 397
323 6
328 656
807 360
384 898
955 477
738 967
420 797
81 72
156 446
470 218
497 152
370 102
851 653
345 284
734 774
225 986
356 164
177 863
986 31
593 471
63 319
873 615
178 535
986 142
378 190
216 269
109 190
551 427
701 282
259 379
702 45
501 308
928 122
511 975
39 612
66 898
286 979
468 18
52 721
236 86
109 992
113 485
583 248
767 367
61 142
900 278
151 396
410 6
249 22
737 473
714 200
453 100
737 825
3 173
442 407
116 290
80 776
338 292
283 685
766 700
586 14
917 678
900 564
631 562
983 677
325 809
399 852
292 772
828 438
150 174
671 792
78 308
898 164
93 976
831 710
686 191
567 739
893 777
414 386
487 760
471 215
936 926
797 579
300 29
680 387
257 502
684 443
480 761
375 1000
600 730
585 266
567 494
719 723
279 946
928 764
124 415
677 927
711 723
739 682
298 812
105 701
834 746
997 110
211 857
216 685
512 106
608 451
453 117
842 890
215 647
864 667
354 361
299 680
66 85
621 485
902 208
716 63
610 534
247 135
319 522
86 259
680 600
660 598
312 828
313 613
868 465
359 734
622 800
216 7
792 245
990 87
61 161
390 793
246 231
808 244
26 15
297 347
10 772
547 51
546 946
286 745
895 175
966 398
954 462
168 343
560 585
633 5
525 389
28 739
510 888
675 360
310 285
519 683
405 7
926 699
231 821
380 593
128 916
771 938
115 228
462 123
10 344
49 182
626 680
257 417
467 723
832 571
305 413
33 173
165 611
417 148
714 454
449 763
371 306
587 829
822 164
642 598
651 780
980 944
462 400
786 894
958 823
838 793
470 125
646 144
15 67
753 192
857 162
522 740
636 778
564 95
352 901
122 243
820 33
853 488
446 566
235 961
252 993
736 746
588 843
936 508
754 607
79 880
28 434
800 347
729 299
896 922
199 699
457 424
404 673
667 237
118 777
528 309
729 340
692 584
280 542
154 123
475 397
793 800
440 616
137 772
28 711
750 840
822 725
54 835
182 308
789 276
349 285
906 720
702 46
581 82
233 252
713 42
343 355
788 732
699 11
79 293
101 317
304 17
107 612
915 723
54 109
37 881
423 280
409 762
747 404
174 493
785 887
570 391
241 571
257 318
171 336
707 802
301 973
927 809
215 11
508 247
437 61
993 613
56 696
878 751
416 264
548 545
627 488
510 684
974 383
15 385
273 546
200 542
793 213
48 594
730 914
821 121
716 353
365 77
479 197
959 207
561 660
506 976
200 764
455 92
717 777
721 334
151 935
796 440
299 752
470 379
74 688
184 336
189 193
197 581
631 997
838 705
625 148
184 582
377 67
451 836
602 652
197 360
515 783
314 596
886 76
870 577
145 503
46 135
419 540
767 475
645 513
11 369
71 609
365 836
538 748
418 728
220 172
816 491
214 822
971 775
41 137
367 284
595 121
842 418
94 818
645 965
633 287
589 508
935 720
258 578
280 54
182 432
592 575
755 925
59 658
747 513
911 392
381 259
498 33
190 379
542 236
122 661
15 372
398 356
848 503
234 890
212 902
380 204
18 459
381 613
73 780
864 513
811 10
960 832
522 971
829 418
392 236
730 118
146 423
795 574
562 979
798 679
821 492
514 986
513 565
312 946
152 603
636 195
113 186
260 193
946 480
491 261
751 611
925 99
477 810
263 131
331 48
374 82
52 722
532 740
231 54
312 639
582 858
407 112
264 482
343 886
532 843
803 539
923 859
494 986
589 928
10 865
49 717
141 181
434 897
698 303
596 245
83 410
644 679
840 575
311 250
306 470
71 730
918 49
444 584
317 694
818 381
215 399
112 664
918 160
300 143
631 378
31 9
107 671
769 176
2 769
132 848
867 873
318 639
12 490
290 4
902 263
721 316
619 84
524 269
766 200
694 101
347 74
194 885
812 16
544 862
802 26
507 256
949 857
509 722
77 46
774 92
873 151
379 202
569 366
379 870
769 380
57 66
518 81
596 913
191 139
378 398
16 246
328 619
185 486
630 688
78 539
171 215
356 345
49 4
432 697
677 577
289 256
62 15
467 701
85 246
269 463
307 164
881 127
809 746
259 713
326 552
327 238
75 17
627 540
796 23
635 57
598 175
527 225
71 229
843 20
117 295
333 810
416 730
754 568
960 391
407 916
819 76
359 447
71 267
952 619
463 109
709 645
564 106
474 854
805 178
49 378
325 29
645 746
515 550
687 291
763 665
605 246
715 856
571 330
349 312
462 201
67 763
374 917
927 385
395 48
90 696
589 674
883 381
324 121
56 759
692 233
707 952
48 107
340 771
436 706
755 932
2 660
441 172
279 864
194 908
926 485
927 820
345 520
256 23
845 235
30 73
217 582
128 465
38 628
629 677
206 654
997 129
584 506
843 615
935 79
938 305
668 18
423 187
925 85
602 194
796 294
246 661
160 192
233 526
603 725
938 83
854 71
917 120
346 678
430 138
635 84
748 973
308 286
293 877
238 603
869 923
303 37
878 683
256 992
499 966
126 555
198 212
843 129
460 727
482 172
231 148
1 569
199 698
39 781
776 469
840 744
801 870
883 650
540 389
779 583
482 605
729 452
948 866
165 600
404 896
7 293
768 611
273 143
149 463
993 184
814 958
961 666
980 418
805 537
793 65
315 261
172 394
357 130
672 834
842 783
915 722
573 670
334 146
392 693
679 734
451 82
896 229
309 336
38 694
534 299
955 322
618 269
546 381
621 983
432 773
79 818
361 598
4 625
815 843
930 143
96 609
247 266
428 608
376 859
638 681
713 758
553 873
695 546
42 494
544 612
104 187
692 292
910 663
878 11
276 579
575 41
8 289
928 370
527 394
895 716
133 215
172 643
375 388
339 938
968 738
829 319
338 762
122 165
322 419
494 733
632 958
688 880
302 272
370 850
301 421
477 174
245 202
961 137
981 326
505 117
303 942
969 646
697 631
867 291
390 998
373 54
140 249
416 625
183 821
439 431
296 967
121 54
932 252
145 742
495 628
277 289
850 421
83 110
435 685
274 789
352 93
758 853
281 87
10 575
631 365
158 655
490 167
932 466
332 646
517 870
724 860
837 475
486 187
803 71
16 883
797 59
54 991
609 404
444 651
708 328
914 690
253 117
290 225
326 739
24 397
335 595
512 354
660 282
589 332
826 564
609 374
718 16
901 592
543 431
577 660
228 736
823 578
414 864
163 544
113 893
114 14
996 176
636 399
854 306
195 339
90 39
308 146
73 819
976 76
635 833
725 329
638 596
142 958
933 562
863 305
593 469
385 776
647 560
394 726
948 81
930 662
238 817
991 157
887 92
137 586
564 97
730 137
783 129
127 475
695 853
277 784
550 146
479 478
869 578
589 692
236 193
588 942
758 964
113 266
333 773
726 804
156 69
87 890
576 989
424 90
500 493
734 738
545 598
487 161
606 169
214 678
330 108
169 298
265 799
965 822
508 455
519 931
131 994
575 999
624 215
825 361
572 111
75 513
131 883
192 355
945 155
448 925
829 305
25 389
392 896
101 402
654 748
324 247
767 173
842 372
439 198
707 590
854 803
432 16
840 365
785 540
920 261
774 416
903 196
120 227
102 919
396 522
382 359
76 566
465 105
29 872
347 823
772 784
946 392
394 182
132 518
828 875
261 166
542 201
411 601
232 42
507 496
953 14
347 363
419 678
648 636
761 981
501 722
730 984
307 905
539 754
990 961
800 774
30 671
245 977
544 9
972 60
21 952
406 958
703 188
834 61
707 313
633 708
644 302
463 552
950 894
700 517
518 658
832 437
796 16
726 977
587 445
922 682
226 15
898 403
502 224
394 959
246 170
933 106
648 406
596 308
672 268
487 197
700 474
645 567
779 973
913 903
420 401
284 630
323 614
412 813
219 521
625 526
681 268
546 658
582 188
767 240
490 108
932 411
550 606
993 147
473 545
435 786
573 520
908 371
361 106
915 697
880 698
699 94
278 607
233 32
840 24
863 804
213 900
760 975
634 1000
964 185
582 632
215 97
23 860
718 72
906 126
217 581
125 852
869 117
530 725
589 118
972 834
42 267
267 662
53 137
626 253
385 711
22 906
941 970
467 747
890 232
68 586
860 702
365 248
220 797
739 823
632 709
556 345
416 938
702 24
999 718
433 745
913 295
575 379
43 538
887 437
139 859
925 664
182 863
554 162
293 222
922 654
9 751
462 593
606 214
610 141
203 289
313 865
743 427
49 699
571 538
30 298
5 793
260 591
600 58
399 1000
793 668
225 75
317 539
49 357
992 787
996 891
297 599
466 70
253 782
275 916
240 615
296 665
797 999
690 377
31 51
141 559
550 981
667 555
617 644
158 500
488 816
751 465
384 155
96 694
392 694
135 422
977 397
65 715
380 964
306 803
312 348
928 550
692 450
864 904
314 409
578 698
122 750
301 749
414 916
551 205
117 809
423 862
947 608
565 977
569 22
407 426
93 993
191 339
303 373
711 408
131 434
260 88
174 514
194 452
621 427
514 871
915 476
442 954
208 680
959 943
17 470
736 938
899 816
517 385
174 732
726 793
766 858
269 248
142 382
145 42
832 364
454 642
697 630
607 159
22 771
574 300
165 793
648 317
710 853
193 753
714 562
688 723
571 407
210 773
466 411
429 37
984 740
700 224
20 873
245 269
653 278
512 982
749 877
474 545
989 158
718 452
667 902
299 589
231 895
382 505
274 492
903 227
500 876
836 134
763 942
665 26
758 743
232 273
603 290
452 286
760 775
228 805
135 283
811 600
238 506
720 405
52 378
270 433
368 575
533 129
292 904
670 182
599 116
858 190
181 907
590 361
818 650
507 53
471 598
76 38
188 662
260 429
562 797
88 684
226 774
415 976
648 157
416 833
43 6
558 755
703 462
562 718
943 447
766 886
52 732
387 876
334 962
190 614
430 465
52 579
956 825
108 96
502 423
343 993
787 641
809 217
295 834
187 349
193 556
389 289
511 268
991 630
870 845
317 579
799 323
89 924
827 154
760 359
241 398
248 59
799 208
340 523
897 840
182 242
607 695
774 534
956 493
965 137
159 198
237 738
556 346
885 418
158 906
345 641
897 106
242 779
719 815
267 836
346 285
328 800
789 925
383 794
439 532
322 767
615 479
871 561
30 83
294 420
191 36
705 676
926 169
863 376
695 500
117 880
243 429
794 807
855 242
7 615
693 68
648 859
316 569
962 103
583 661
485 650
136 30
433 716
216 236
368 487
334 828
338 707
954 712
395 648
344 80
455 324
293 543
558 527
133 448
652 624
178 235
839 226
614 568
364 130
754 566
408 860
467 251
277 881
92 532
136 602
343 901
584 325
26 41
763 554
13 285
754 875
975 113
575 875
64 283
62 826
266 971
766 302
936 863
644 528
427 596
301 179
323 647
325 317
625 879
537 509
756 247
352 245
441 868
941 99
620 550
237 710
733 193
79 499
548 298
691 516
449 591
916 69
989 537
516 927
686 41
560 103
65 671
689 891
656 522
108 859
125 851
517 583
422 277
935 578
163 652
446 159
587 911
713 728
143 229
458 417
104 65
838 796
636 99
542 452
964 638
680 130
471 542
240 272
743 998
446 328
13 923
17 344
592 212
72 594
833 222
276 575
673 373
639 811
844 506
494 711
423 761
340 169
109 788
572 492
316 146
616 504
969 108
491 92
454 96
348 739
256 913
961 860
959 761
619 856
602 550
1 575
520 845
723 838
835 948
586 498
969 458
400 729
477 163
888 758
795 322
45 863
546 836
323 581
909 246
641 632
537 703
738 264
614 447
444 387
15 808
415 2
951 460
954 336
245 729
469 929
163 202
864 77
112 674
520 649
941 71
135 16
598 966
177 282
715 870
55 473
940 897
746 176
162 1
142 211
367 72
522 353
685 979
928 712
837 680
441 63
993 634
765 931
582 756
608 287
954 775
780 814
637 156
450 38
34 809
156 372
801 9
638 574
147 107
440 223
556 757
632 627
355 972
686 912
446 405
85 315
305 599
694 623
570 937
511 753
627 696
114 349
976 384
838 538
530 363
164 573
716 66
61 915
706 424
778 621
182 905
329 459
493 712
520 444
615 528
299 915
835 741
360 643
222 41
204 527
92 918
50 486
678 181
269 72
329 293
38 766
338 429
751 553
378 858
566 913
292 14
162 100
239 524
336 805
689 999
909 794
344 580
1 293
754 947
540 948
390 657
31 129
15 780
783 950
932 476
384 346
771 854
527 944
278 826
873 380
792 56
751 391
951 65
628 498
594 190
906 834
599 563
237 654
292 593
444 884
391 799
160 735
181 327
332 878
367 108
318 672
17 843
396 838
773 404
846 250
171 462
427 66
694 958
772 604
206 708
501 764
570 245
156 566
271 8
795 642
412 242
513 665
259 577
351 495
51 291
587 693
321 57
719 329
879 845
304 503
436 397
312 659
260 851
937 113
847 530
576 360
602 623
640 832
737 716
205 878
460 793
139 576
376 403
107 485
40 406
572 984
511 412
81 595
541 979
763 879
384 294
684 657
680 504
239 375
224 916
543 111
926 381
710 724
471 64
680 391
862 915
205 404
667 643
730 533
638 954
841 660
954 989
936 672
740 27
731 229
785 973
133 179
851 572
564 515
949 215
473 262
282 261
635 333
367 870
918 557
78 495
215 786
401 434
203 874
39 448
996 37
51 398
342 147
440 151
167 284
8 507
27 393
636 115
602 15
753 169
237 472
517 38
169 840
920 528
696 284
201 639
683 851
89 109
151 857
333 854
706 400
890 373
288 313
786 88
61 76
62 250
486 731
606 248
166 393
79 664
504 774
66 533
322 651
567 759
416 588
571 752
93 332
679 709
829 184
652 343
89 733
274 953
824 616
776 395
359 158
931 873
110 864
129 295
26 89
493 806
197 208
166 148
418 799
230 774
849 545
371 229
380 621
811 749
519 308
758 514
582 348
107 611
314 62
23 666
955 578
529 753
107 525
879 347
534 258
771 588
595 784
175 956
949 777
91 49
589 274
864 895
628 200
119 455
362 612
551 858
773 492
573 970
727 117
731 126
593 113
78 459
320 763
981 762
263 591
359 826
164 804
950 655
759 309
450 820
268 970
160 195
262 540
255 731
240 352
973 584
479 323
317 484
378 242
899 982
752 182
829 393
443 562
204 992
525 597
247 788
692 135
622 704
606 325
383 244
203 338
177 687
667 451
407 68
341 302
398 953
771 417
297 298
724 391
227 681
374 264
268 413
861 826
293 805
559 133
265 853
88 336
608 519
643 8
422 651
934 569
774 802
193 747
38 360
789 431
974 997
394 794
253 523
163 124
653 923
465 260
729 747
287 967
415 146
823 49
1 250
445 517
428 31
525 647
12 478
91 383
698 205
244 279
542 986
335 632
175 995
937 924
58 223
721 885
519 62
812 68
814 526
584 59
716 552
932 637
405 987
669 382
462 740
979 570
307 549
984 472
42 346
261 252
154 498
213 619
693 153
169 707
203 933
721 30
100 59
229 921
747 980
198 728
513 700
886 533
647 713
389 233
393 238
982 56
90 352
774 766
477 544
714 541
756 844
192 815
543 814
639 581
17 468
493 711
23 346
730 466
861 636
476 542
944 872
45 448
464 866
502 302
378 1000
53 92
960 533
269 207
960 113
196 675
785 378
309 844
715 761
775 611
932 52
638 451
748 263
904 520
86 166
72 847
595 125
727 520
903 19
996 639
499 1
546 442
487 285
153 300
279 820
972 599
155 855
428 289
10 513
747 517
586 179
987 50
717 485
919 937
25 923
959 440
229 993
507 489
750 279
759 735
324 624
702 357
473 23
416 246
90 469
56 93
990 544
458 401
973 302
351 494
924 854
104 297
527 491
296 504
739 881
463 593
450 860
568 103
164 594
754 302
133 345
269 137
17 432
41 58
682 346
529 285
975 425
201 700
143 513
917 862
113 408
421 431
938 731
101 987
338 511
84 239
144 572
16 263
38 924
757 768
683 677
399 957
828 109
690 74
897 684
918 90
421 822
690 477
193 723
589 809
899 379
743 32
672 943
913 309
590 749
112 668
757 324
978 888
585 467
586 892
457 928
629 826
206 101
724 994
196 91
162 471
349 611
689 462
340 858
254 928
771 736
176 374
12 708
587 788
296 278
219 392
4 564
918 736
851 575
806 577
657 808
294 309
66 396
863 99
522 650
817 194
540 676
685 589
319 851
782 409
234 889
199 249
39 336
460 235
762 615
523 527
859 407
40 557
882 780
701 456
30 956
624 731
701 313
761 534
423 727
529 681
674 627
35 739
779 119
668 85
800 197
486 728
418 168
737 638
614 804
481 440
490 294
810 268
862 210
460 830
282 42
982 927
508 838
749 640
738 243
405 288
45 889
529 180
37 405
130 25
821 673
905 889
546 657
672 604
589 303
388 768
720 900
37 614
370 517
614 352
949 709
556 425
404 206
261 707
31 489
570 381
371 770
920 356
557 17
461 956
978 230
263 138
931 567
267 207
34 206
271 655
366 779
280 114
264 599
46 601
305 481
270 589
806 643
38 537
534 754
828 923
868 856
635 703
851 618
431 954
471 325
674 96
142 698
555 175
792 235
21 519
939 12
812 278
817 616
160 853
142 805
750 446
207 833
333 646
601 910
708 982
844 22
761 720
281 900
359 539
252 681
53 424
772 474
80 506
834 143
874 992
109 129
471 894
809 859
592 357
832 404
26 599
999 600
287 271
450 567
161 968
183 527
308 128
779 780
445 496
677 165
273 167
22 890
467 153
305 790
912 378
452 579
783 521
239 645
154 469
883 654
413 352
157 803
141 330
399 794
715 685
185 682
41 974
588 306
300 813
562 216
46 441
384 368
42 884
993 188
499 439
390 314
800 781
929 782
462 88
859 708
825 596
898 280
2 709
538 819
478 966
962 711
120 286
746 190
527 359
691 523
43 256
940 18
392 520
466 905
379 424
181 146
589 309
347 182
829 774
318 277
465 199
194 799
788 29
269 759
556 977
243 502
665 981
445 910
103 802
972 865
989 797
729 589
425 482
280 411
449 484
610 319
459 127
114 456
877 941
808 716
811 451
523 599
69 725
913 375
363 440
51 739
660 676
522 575
866 433
294 942
46 283
8 3
105 821
342 954
938 853
904 989
706 473
856 502
36 704
199 884
248 614
193 315
191 784
162 810
507 711
37 250
570 320
351 990
616 613
451 728
687 129
818 112
505 347
378 715
178 915
75 537
384 243
62 865
926 986
68 486
505 708
583 449
733 500
185 710
653 588
644 603
116 490
944 693
435 734
718 459
45 99
653 356
842 376
509 118
114 705
577 906
524 151
763 931
379 598
676 810
860 31
571 84
96 180
280 59
340 968
180 666
376 932
125 55
110 341
94 958
703 704
65 724
483 613
889 746
764 978
820 556
214 503
586 650
206 859
411 625
138 155
109 372
437 397
864 919
846 875
663 883
159 149
715 73
744 173
797 445
564 472
780 685
786 942
698 290
241 149
208 986
585 325
651 228
180 80
787 488
271 187
275 188
504 615
242 313
136 150
190 41
542 258
428 870
948 93
731 327
19 195
576 644
846 692
596 719
498 542
961 478
688 562
71 111
665 477
577 238
230 980
393 491
503 448
711 159
98 176
550 27
603 258
140 985
43 615
387 88
505 21
52 590
93 358
477 967
795 494
999 838
265 771
412 598
658 858
109 764
735 856
25 367
349 914
943 783
509 790
110 842
715 740
74 228
335 255
338 177
897 732
295 605
850 276
500 941
980 375
214 855
73 437
94 833
75 817
84 531
512 548
934 586
914 948
186 276
704 480
71 40
157 446
712 939
181 296
1 82
262 91
410 742
747 595
536 328
628 246
778 141
484 174
637 96
416 454
698 484
591 403
155 931
949 233
545 382
441 998
858 145
152 294
38 815
5 908
556 808
835 355
527 345
358 828
950 592
844 243
647 528
905 113
65 252
835 496
557 884
496 208
630 599
132 70
624 732
598 160
490 517
587 433
515 684
631 936
668 86
501 131
653 774
855 672
622 661
805 91
678 219
221 260
245 142
249 922
35 448
914 325
992 557
365 741
991 689
183 956
101 847
504 887
433 141
92 646
420 413
22 185
315 161
207 119
362 140
14 525
326 867
22 40
432 709
943 912
982 894
126 204
168 336
870 255
852 350
72 136
435 790
41 755
922 268
561 452
286 175
578 769
633 474
483 735
107 527
37 808
449 588
323 55
699 816
276 231
209 76
572 653
110 252
720 336
206 659
355 759
82 613
549 603
621 528
329 912
551 805
186 583
939 15
815 656
265 44
998 558
803 556
958 124
458 583
111 387
169 904
541 96
707 392
502 772
285 802
531 950
551 11
886 807
713 968
562 800
445 188
988 188
247 240
244 862
90 317
53 439
899 587
458 313
393 145
189 183
563 502
658 478
127 415
398 157
38 388
645 228
278 503
631 31
303 32
216 122
291 616
334 474
991 503
725 199
417 962
627 797
421 358
689 542
505 461
32 971
287 397
678 342
44 630
575 938
639 231
244 978
144 36
59 339
810 761
200 26
761 109
283 619
124 827
396 394
571 253
366 744
202 329
443 331
353 995
651 388
325 397
1 335
516 570
64 745
282 336
49 123
486 144
180 795
127 646
999 18
628 409
263 88
447 271
367 484
430 154
957 826
483 763
618 98
417 217
755 903
687 697
159 441
896 105
418 229
368 952
590 119
448 387
149 371
498 55
122 230
923 916
727 170
876 972
242 48
790 594
992 389
506 653
734 813
522 977
506 764
786 986
803 968
643 895
75 353
898 972
208 558
427 428
469 89
132 143
886 922
248 794
265 298
104 350
930 588
5 753
302 426
854 215
696 241
255 334
687 829
28 206
1000 551
710 502
639 468
341 369
348 574
938 741
44 820
705 22
544 148
681 783
731 806
588 869
670 777
421 282
351 985
260 996
992 981
421 747
634 406
429 144
292 757
862 382
343 48
432 267
857 542
334 422
118 521
509 132
41 698
84 760
976 630
520 680
500 872
232 390
582 410
579 648
767 658
300 455
928 888
98 388
953 283
717 274
38 636
727 217
307 658
489 283
769 505
767 697
209 148
302 923
402 789
955 579
977 143
246 564
601 555
712 332
531 784
159 691
678 609
490 362
355 744
246 679
156 347
603 226
133 931
436 251
562 793
635 821
931 669
839 327
828 86
303 250
571 922
473 235
593 746
478 116
868 292
808 455
806 118
661 849
294 858
79 528
761 489
118 62
765 797
911 665
50 242
331 291
316 85
834 406
781 189
641 874
4 490
733 431
266 753
856 241
16 392
722 637
573 172
866 918
541 654
158 562
14 566
870 833
945 158
340 672
841 93
370 543
442 240
814 904
136 879
448 513
159 61
126 32
509 168
831 719
581 20
183 436
594 161
405 206
947 497
211 659
341 704
555 534
42 623
349 609
371 985
928 644
432 883
884 281
209 103
742 843
341 546
358 576
208 153
850 744
446 231
752 806
441 997
170 237
704 941
688 354
851 686
692 362
76 116
342 39
860 544
424 592
971 354
243 719
83 802
66 172
341 102
772 480
886 962
8 77
212 757
947 890
179 484
695 948
165 153
155 415
28 135
156 972
145 101
753 904
165 106
57 625
114 578
575 723
942 690
164 535
835 702
30 860
680 893
771 326
369 528
813 575
743 806
317 784
487 192
992 558
903 722
467 539
870 515
411 452
876 240
624 153
806 199
127 62
594 577
387 367
540 447
671 711
214 918
123 847
507 810
954 457
629 73
851 67
230 396
135 890
606 827
899 345
974 831
922 154
300 218
28 873
323 651
766 445
64 530
145 963
300 60
48 146
430 540
346 475
183 316
370 485
893 919
486 471
493 489
189 784
426 418
871 960
158 117
585 303
826 195
663 837
716 923
734 334
470 5
468 988
646 248
759 641
843 746
795 591
191 314
359 900
30 764
568 195
972 93
506 443
401 189
455 6
368 424
561 875
127 260
709 815
236 247
500 226
792 681
173 738
604 224
311 628
222 49
95 205
271 723
249 245
752 236
221 359
592 389
652 487
568 369
58 580
117 39
106 968
932 198
308 856
538 381
633 953
795 326
177 163
433 57
2 14
684 566
620 944
290 462
802 553
585 143
417 525
861 74
21 131
63 536
870 152
942 245
50 917
569 760
788 731
805 515
20 845
441 496
224 992
101 294
971 700
980 543
822 462
936 447
88 214
957 825
618 99
910 861
712 996
471 5
699 238
438 374
902 449
177 760
641 169
271 786
882 319
629 530
261 360
854 697
746 350
474 61
975 939
941 519
894 569
678 634
845 491
959 103
47 537
428 749
240 417
493 17
313 347
481 969
613 992
852 680
293 617
151 956
902 924
873 540
906 151
803 809
547 994
456 18
740 372
744 783
835 600
363 331
579 607
672 107
430 335
160 319
913 151
880 462
574 326
27 1
355 396
197 337
913 32
557 467
295 964
387 393
562 265
946 168
568 650
571 573
700 415
994 188
813 664
226 274
13 464
434 871
608 550
398 698
979 65
27 732
746 732
236 558
874 300
582 249
222 760
98 570
228 637
266 798
305 252
551 731
182 154
20 865
507 371
426 600
723 418
335 936
760 925
927 683
564 789
121 741
565 636
31 304
661 73
426 378
531 565
767 715
642 614
475 987
632 326
344 355
375 802
232 52
214 356
896 592
454 695
111 228
276 783
466 653
860 605
864 452
294 159
976 66
172 575
179 265
782 384
394 577
860 716
349 260
332 437
43 810
762 590
642 41
798 686
855 971
90 323
844 88
635 165
368 496
352 981
95 103
545 782
330 948
682 417
833 11
264 282
568 328
36 742
952 999
294 682
984 56
307 269
606 147
952 598
903 745
649 538
689 549
62 545
732 605
913 925
92 700
827 947
996 986
49 343
182 469
878 822
153 474
549 275
390 379
37 591
956 379
776 365
249 745
16 198
842 382
491 612
383 594
591 89
979 955
202 608
290 197
138 456
504 359
971 840
239 224
449 614
836 118
360 327
106 343
163 996
629 601
262 1000
980 821
964 210
638 777
397 847
4 567
686 643
67 209
587 998
21 126
953 16
661 335
665 644
406 854
668 637
794 800
229 679
145 772
204 61
151 518
669 69
63 458
394 613
432 688
329 724
137 221
761 682
319 562
964 805
57 519
333 850
49 951
929 587
515 686
916 951
277 687
204 961
959 258
481 332
647 833
336 328
991 290
494 782
867 272
316 122
749 748
813 591
61 298
335 447
999 868
106 981
362 379
970 122
499 702
357 548
529 169
889 251
616 861
339 150
238 703
865 98
483 995
923 590
751 203
249 645
859 588
110 582
127 748
76 882
737 168
955 81
629 874
500 818
346 472
409 742
324 503
163 819
827 264
741 322
725 845
941 256
10 162
854 547
50 675
750 752
517 561
989 532
976 861
67 60
323 198
916 49
65 571
252 18
233 725
949 55
773 377
252 454
40 750
493 44
699 641
739 940
812 672
564 257
967 836
132 149
506 440
659 92
140 162
425 54
924 8
716 170
815 214
857 68
206 552
758 388
64 176
264 466
191 761
585 626
782 948
201 889
623 730
727 868
585 963
812 262
457 80
51 617
353 7
784 839
260 561
110 913
643 12
58 564
866 863
631 605
232 895
69 84
804 25
71 522
573 324
874 325
679 813
967 938
141 472
491 927
718 498
521 918
282 350
581 90
358 135
334 358
975 374
153 427
672 857
861 363
614 109
101 182
484 258
801 201
20 940
37 970
305 44
777 559
975 660
742 129
779 137
803 287
536 386
480 552
500 603
656 31
916 469
423 199
506 651
181 945
242 343
156 369
708 934
312 911
531 980
407 607
131 418
136 76
692 65
285 949
948 235
470 371
473 141
347 740
333 905
27 226
943 304
855 516
142 209
861 711
454 167
769 889
130 745
656 358
322 355
635 486
474 540
107 309
252 942
53 683
862 179
41 83
286 377
449 275
287 466
454 65
680 49
575 635
634 37
855 492
400 748
404 589
810 584
689 905
227 598
943 884
321 525
556 399
837 544
979 64
802 731
857 540
490 31
457 174
700 254
258 393
315 88
372 31
852 632
429 432
779 424
533 970
625 857
673 685
881 879
742 496
193 789
358 489
215 336
76 698
59 972
387 981
101 345
533 172
870 487
543 7
289 816
682 697
20 64
920 206
780 586
964 255
432 984
246 465
732 371
954 949
284 764
929 241
693 328
288 400
691 939
854 309
945 623
38 774
316 700
327 476
330 576
773 194
561 680
929 844
659 39
665 890
316 898
56 520
484 600
568 107
402 215
188 324
720 543
317 40
890 346
526 164
907 866
123 377
36 656
454 131
259 499
874 694
632 187
506 210
35 600
531 319
970 357
188 426
891 749
840 841
322 672
415 653
640 837
814 317
795 868
734 244
737 816
634 424
83 418
690 70
283 676
214 904
468 360
141 318
921 298
758 793
695 282
429 3
31 211
89 998
827 144
851 22
139 178
803 155
567 850
336 548
686 196
45 68
448 690
710 702
914 947
475 235
385 135
431 844
413 849
286 193
859 769
806 776
197 699
703 656
44 19
38 978
285 279
346 231
103 641
362 525
817 451
890 843
530 744
44 648
159 512
897 447
312 137
567 513
364 677
551 147
315 895
744 27
47 976
837 798
622 92
704 870
938 103
522 870
264 74
742 661
90 792
624 576
126 276
826 720
60 460
425 217
47 822
446 773
624 735
677 427
398 711
810 204
98 234
812 882
74 179
913 205
936 378
147 610
779 885
778 768
503 711
824 272
919 49
413 718
254 298
473 641
349 110
297 467
207 112
121 247
802 656
395 842
141 290
453 208
706 960
488 573
860 563
288 873
680 187
917 306
349 304
173 98
894 244
219 812
738 576
132 284
872 978
447 276
876 694
480 303
978 226
444 842
379 531
176 605
932 759
437 191
789 74
58 196
940 42
615 360
980 731
285 507
603 953
129 791
519 102
479 933
581 697
565 804
142 527
197 672
935 502
878 723
835 34
581 586
436 927
682 915
81 280
636 462
138 801
857 399
802 280
752 723
76 21
114 416
811 74
460 180
599 171
490 819
199 217
716 453
679 211
845 295
114 307
26 689
708 609
912 690
394 745
810 17
159 987
702 3
578 21
246 399
485 825
911 829
92 801
402 287
499 801
226 955
228 591
170 616
930 777
147 529
900 433
630 336
499 974
246 169
781 370
729 129
732 736
87 827
572 345
916 827
339 998
156 752
909 14
225 35
808 191
771 53
409 276
448 830
835 954
75 625
331 715
984 542
818 219
693 925
574 168
16 97
976 633
366 751
936 146
535 154
331 856
842 292
183 124
37 663
996 576
888 784
516 987
642 894
479 763
958 490
565 614
822 127
932 747
996 422
9 436
409 626
764 970
379 428
824 527
508 8
219 71
720 416
350 767
591 423
738 825
703 825
463 945
229 162
592 874
259 845
834 811
262 832
211 792
730 1000
638 721
566 146
968 957
826 455
39 54
104 163
657 691
582 904
416 239
370 340
905 61
445 876
982 61
235 600
363 559
553 627
437 760
612 42
668 324
303 227
28 292
631 79
769 125
320 361
563 57
411 66
551 642
739 54
503 617
195 840
252 943
770 566
347 901
575 533
923 92
951 982
635 342
49 591
305 677
932 548
714 843
93 286
40 150
921 563
247 533
892 750
783 403
589 990
398 521
457 115
349 37
39 809
922 911
615 782
122 353
106 810
550 703
404 573
499 377
745 625
710 945
561 295
181 283
690 276
841 896
952 10
245 552
764 520
471 186
73 767
214 408
663 179
141 814
181 321
988 887
946 978
738 874
780 587
34 101
16 664
332 834
349 828
464 74
564 565
637 201
86 817
949 253
514 420
440 419
650 58
105 473
388 886
513 866
263 658
583 537
308 9
492 286
630 732
553 791
777 6
192 610
895 744
365 185
761 159
892 806
191 461
599 448
329 536
754 299
645 168
647 974
62 378
191 594
770 784
268 749
285 521
35 714
201 726
18 900
111 337
937 234
648 19
203 945
523 853
672 393
377 501
70 944
986 601
682 318
379 963
568 313
403 800
47 337
892 754
362 261
128 757
993 429
277 476
426 998
893 588
435 608
277 333
25 284
27 698
409 99
675 374
839 571
609 238
713 848
184 911
168 500
222 587
689 150
288 957
537 490
774 521
690 435
283 882
231 664
234 140
896 391
137 73
793 1
685 115
473 510
745 280
112 226
125 102
401 872
510 416
591 377
298 752
876 420
163 998
671 833
924 755
462 694
798 204
855 421
323 236
141 931
445 577
466 732
450 249
159 515
76 730
95 958
648 612
761 989
65 982
321 332
747 770
180 385
695 610
238 251
542 467
263 758
583 765
86 63
255 604
420 743
94 357
39 732
869 541
201 609
199 26
386 725
630 474
780 255
924 85
1000 723
909 263
857 110
964 950
878 660
274 382
151 196
852 823
523 881
356 646
30 835
332 729
518 948
922 805
724 361
407 943
247 556
752 196
144 173
930 471
581 433
178 452
199 606
150 102
631 635
335 46
693 952
286 614
657 370
315 18
814 56
779 433
958 111
182 294
262 398
248 94
177 102
965 197
896 500
715 994
220 28
556 422
828 707
837 411
950 170
244 698
468 166
608 44
132 716
987 192
551 963
399 374
846 133
629 571
100 303
907 259
451 992
91 164
825 476
354 590
545 287
273 572
826 288
464 417
321 296
907 737
730 900
103 906
949 422
882 410
522 904
468 664
972 88
664 345
994 736
830 74
997 507
781 574
342 800
312 489
661 692
929 740
990 799
256 842
759 198
544 140
303 925
508 897
89 316
252 984
296 69
959 742
670 879
199 685
516 369
61 332
192 133
453 34
537 535
791 158
67 928
837 204
572 47
559 275
139 364
68 286
343 644
385 44
528 92
710 884
110 202
698 868
922 364
708 349
301 801
931 724
234 196
949 169
23 692
926 109
231 561
270 643
552 624
258 999
685 972
372 505
983 171
141 922
590 123
974 474
25 897
600 779
380 51
940 348
612 358
759 753
850 687
489 605
733 738
590 277
846 899
464 397
85 339
631 680
648 907
367 533
872 169
947 665
360 861
930 473
735 286
357 755
441 968
136 78
1000 269
696 6
317 2
472 85
291 699
697 668
112 283
914 762
633 542
929 625
640 972
244 616
575 532
616 475
469 409
382 986
26 342
283 301
946 167
823 431
951 666
662 875
180 669
443 931
631 690
779 525
463 44
245 398
891 545
801 793
516 484
165 658
168 138
649 733
376 493
858 945
840 412
297 535
476 999
455 841
828 421
480 27
826 390
638 340
215 509
72 885
973 373
55 20
334 791
893 890
675 443
417 415
769 162
733 145
864 96
976 618
57 230
779 457
374 837
346 414
521 658
314 240
958 697
29 667
858 501
175 909
508 190
181 320
517 189
432 986
125 163
404 944
321 169
354 647
48 266
671 498
233 770
204 389
5 180
557 391
411 741
165 563
513 865
963 847
185 464
792 296
80 10
78 517
797 41
759 469
935 159
316 557
816 437
981 813
616 138
635 166
104 446
624 693
1 956
437 588
978 884
597 238
907 868
806 106
403 581
924 481
892 557
344 235
416 712
221 315
84 245
257 613
700 463
421 314
776 263
219 695
794 182
396 871
540 343
689 939
600 250
879 904
862 350
221 78
421 540
210 993
484 612
749 952
770 95
576 402
210 112
72 145
913 589
932 511
435 769
449 768
849 489
956 485
580 457
673 761
504 284
988 54
774 409
794 363
772 121
394 93
750 616
698 143
647 58
845 240
465 96
454 169
49 225
159 492
367 137
609 502
102 750
381 317
321 466
533 273
759 697
831 28
318 417
104 109
949 65
792 260
377 596
375 33
52 68
972 53
350 865
579 877
269 453
473 90
517 47
792 546
389 956
599 487
692 59
934 72
242 40
957 169
984 819
140 453
930 739
767 616
801 630
531 349
255 403
674 211
184 624
630 229
652 511
464 800
679 706
331 592
95 395
425 667
13 388
533 701
588 568
315 164
98 300
681 577
448 835
895 33
421 560
758 891
777 921
31 557
402 664
538 7
871 398
221 372
174 331
12 162
472 332
48 150
191 861
323 796
643 167
328 102
717 404
25 138
944 80
211 691
234 554
720 567
457 727
439 963
189 812
445 642
443 861
949 786
876 854
254 966
830 603
38 618
233 804
924 720
524 442
863 295
158 136
803 757
95 599
997 183
808 952
492 577
590 318
634 101
694 744
783 579
455 220
937 613
227 133
179 294
74 560
146 485
632 718
562 989
134 370
707 284
166 115
83 947
709 811
268 551
783 192
731 563
40 926
9 645
773 843
558 563
409 504
854 326
914 275
24 801
705 190
515 941
455 582
960 108
562 496
692 595
453 33
880 787
532 900
679 887
244 858
211 19
429 56
54 687
809 426
166 793
353 998
944 655
694 511
805 958
405 32
82 111
157 607
965 184
16 769
969 189
755 876
96 63
404 232
386 399
577 928
63 917
15 982
825 606
183 284
647 237
98 884
873 426
51 994
345 705
662 490
557 128
869 190
788 436
717 506
699 851
629 542
741 500
342 385
743 6
953 220
955 570
314 430
613 10
765 351
808 916
479 185
794 871
815 691
854 415
821 78
159 875
238 176
369 7
32 433
470 263
200 743
702 82
227 14
877 897
74 679
912 559
655 489
839 124
736 931
554 252
153 701
249 292
556 448
625 129
734 509
184 441
387 124
979 502
248 620
134 987
287 479
522 710
791 991
446 936
309 804
326 130
184 663
793 751
41 882
60 58
533 757
628 693
386 222
830 669
923 493
358 130
583 447
862 754
700 249
742 356
28 608
893 648
481 686
915 269
654 842
318 605
85 976
448 681
379 767
729 712
346 492
680 260
681 621
591 246
120 209
928 782
378 682
56 697
862 959
612 598
40 918
929 404
381 167
93 531
811 968
684 90
198 898
159 408
487 831
495 272
66 304
584 429
103 751
847 912
989 714
436 757
686 730
878 66
533 365
534 926
739 920
578 262
561 604
670 206
892 106
930 395
569 57
146 410
934 323
185 320
424 520
813 955
655 47
514 977
877 907
610 518
946 588
60 555
21 795
441 619
139 956
708 493
198 473
810 215
565 335
111 563
680 759
255 361
57 600
922 604
744 766
657 217
992 680
334 971
886 52
100 745
601 388
752 40
148 779
663 180
761 206
102 502
446 836
213 583
850 492
923 344
407 875
211 90
582 63
982 997
805 788
718 527
790 168
727 711
797 381
145 585
419 54
992 212
221 254
405 503
797 821
528 22
90 602
953 600
845 922
171 759
558 257
124 717
231 747
201 428
475 29
902 498
225 566
428 365
102 796
12 620
76 447
738 780
298 704
462 692
450 324
567 275
924 636
561 926
427 184
402 882
419 848
648 614
99 708
940 502
433 904
394 414
752 682
988 642
789 759
630 655
646 160
502 818
284 481
123 75
40 645
789 600
21 974
833 344
182 704
929 877
324 881
952 58
881 116
735 337
900 186
242 422
298 340
887 58
228 925
865 728
938 900
479 292
65 16
47 160
843 1
338 587
891 797
250 143
639 491
625 329
919 221
338 474
452 598
89 692
255 99
560 371
776 292
830 635
946 108
710 221
657 487
676 325
288 654
382 866
454 287
718 760
371 463
978 669
541 877
980 179
432 377
893 635
842 188
235 809
666 462
941 184
33 987
586 69
624 380
872 838
798 790
440 946
441 479
599 514
378 402
768 688
400 532
332 103
543 75
267 196
340 790
417 311
20 916
457 726
258 513
426 431
747 913
992 316
976 849
53 288
447 68
864 998
556 996
522 84
211 769
113 819
76 129
445 980
856 933
48 674
530 602
603 176
768 363
630 747
481 928
321 223
599 164
365 238
260 110
851 943
416 118
748 945
431 391
469 48
677 507
713 946
787 151
166 112
759 83
173 844
411 123
731 562
277 862
752 146
43 211
523 927
896 999
708 644
827 529
729 897
192 516
577 458
260 930
803 425
781 192
174 384
297 813
305 247
170 947
266 690
856 174
520 319
897 636
71 625
790 225
205 959
206 488
944 561
102 265
907 830
948 885
384 472
802 546
505 674
275 926
77 470
228 582
585 3
718 353
229 380
488 263
269 372
487 564
366 959
920 327
24 334
326 367
483 737
67 510
569 608
914 897
112 953
167 779
168 891
212 392
772 978
436 542
216 706
858 305
841 549
755 171
424 783
243 979
439 708
55 308
116 631
523 273
18 475
54 421
864 625
403 111
556 863
450 942
369 6
320 590
449 110
531 984
734 561
844 49
362 697
352 863
574 143
243 650
320 509
333 77
412 389
285 945
110 273
934 6
611 407
939 412
815 257
750 573
680 540
497 918
661 839
277 882
522 543
173 705
230 946
856 509
479 514
698 88
531 295
790 560
256 967
316 79
239 56
273 132
628 912
387 396
317 851
211 208
861 790
867 445
1000 858
175 474
179 927
680 88
952 669
3 205
480 174
776 587
61 479
814 7
567 981
127 834
664 748
349 452
391 227
253 808
804 136
914 824
883 401
187 134
261 755
854 786
619 379
358 493
50 946
604 461
591 667
757 281
871 801
709 134
604 124
290 244
989 438
827 455
298 539
569 636
418 144
20 76
737 438
205 120
12 658
85 674
373 13
52 477
107 858
95 537
392 442
