1000 5016
266 351
564 109
604 28
634 272
335 562
609 442
511 179
166 586
297 54
725 925
17 450
84 266
713 251
822 637
624 212
309 204
292 180
295 727
461 555
171 272
429 838
834 358
712 631
506 282
895 494
733 479
236 537
827 723
295 738
845 283
146 820
520 638
150 169
43 801
815 904
391 668
49 96
486 209
587 243
992 182
115 722
612 201
667 59
8 87
543 211
394 684
696 751
380 950
842 15
241 739
395 35
371 493
166 294
334 84
7 25
139 780
526 168
710 14
566 372
536 290
915 371
402 921
90 882
261 82
76 479
374 531
203 289
13 498
787 502
862 147
955 420
481 993
614 325
389 830
389 649
673 952
284 28
674 467
15 562
269 472
161 311
163 55
327 102
510 194
131 94
574 502
745 816
429 215
678 408
650 793
13 979
413 494
931 743
308 878
167 911
993 303
487 151
155 603
943 473
121 790
705 789
451 129
604 73
215 355
570 703
274 272
554 533
973 327
926 91
387 646
552 86
544 94
251 572
745 424
801 148
694 126
127 299
447 773
419 588
844 846
497 487
794 87
388 82
63 718
7 760
619 899
619 470
844 998
584 521
659 386
515 860
660 742
135 995
849 589
722 286
835 408
980 922
371 113
32 512
697 164
185 965
21 55
971 770
278 590
262 195
828 797
324 352
253 995
364 682
825 72
661 434
786 389
594 42
580 233
232 282
339 134
208 326
381 528
295 849
135 990
31 180
131 754
961 265
268 170
57 256
798 644
648 621
567 167
474 79
536 510
936 995
167 495
23 106
645 793
318 899
64 445
952 270
628 472
798 535
819 507
656 951
415 945
557 778
364 991
554 59
295 874
593 727
182 945
667 191
557 948
601 151
980 603
394 415
32 630
737 814
237 173
402 569
565 953
239 244
352 403
675 310
669 64
248 698
926 555
835 703
503 597
395 372
254 927
915 909
474 423
978 196
96 770
171 966
334 406
652 450
612 995
819 83
677 372
824 924
822 351
457 258
488 358
334 588
902 601
651 321
246 423
357 315
909 126
947 311
695 24
697 361
398 765
939 731
220 997
629 473
226 915
869 464
462 606
799 836
764 234
233 630
180 606
876 723
283 676
660 925
536 600
894 332
776 199
761 399
245 337
579 538
69 3
767 252
890 191
552 568
816 872
684 45
577 493
614 353
963 850
572 62
195 607
414 810
819 119
38 630
205 340
518 826
426 220
192 188
172 213
345 292
806 934
346 23
891 289
772 100
518 640
966 341
842 957
21 162
138 494
134 872
844 174
838 839
398 457
480 684
835 58
93 720
777 192
908 220
463 856
528 484
876 396
54 880
455 121
493 808
845 305
349 268
972 804
261 698
210 415
105 371
987 963
641 308
752 76
237 886
659 264
384 408
59 923
387 461
225 826
825 399
375 701
543 752
454 841
267 118
895 91
880 347
383 962
995 423
663 969
83 75
818 42
51 904
585 320
640 416
307 92
110 880
833 325
458 583
592 510
538 157
974 82
388 174
319 991
619 997
171 397
105 235
585 158
215 122
118 615
437 850
396 839
219 441
417 799
102 422
63 747
300 207
119 5
575 975
711 321
197 262
783 515
271 949
457 425
935 498
168 20
96 593
460 415
579 979
33 917
379 703
585 504
955 45
179 948
400 498
290 369
921 363
193 835
535 682
573 897
101 134
854 972
334 229
748 857
783 362
622 710
410 617
1 453
771 274
76 17
207 841
334 323
119 832
49 497
552 326
569 112
327 597
419 195
312 903
612 50
6 42
674 701
137 252
193 818
452 588
913 537
219 485
476 749
37 737
648 240
460 803
651 365
330 175
171 921
872 439
219 175
324 82
661 802
239 529
739 30
460 88
465 600
296 552
881 740
748 285
911 243
197 636
454 634
127 928
916 848
391 148
170 670
1 921
563 157
708 965
711 859
394 525
961 967
398 236
534 846
862 793
699 360
385 403
187 100
960 522
557 744
5 676
973 930
283 322
223 665
292 28
384 853
757 661
848 676
888 657
244 482
154 918
892 392
160 433
414 476
187 731
734 810
551 287
493 723
573 238
921 373
479 766
246 465
11 717
774 807
985 15
734 270
993 91
353 996
598 802
144 884
96 149
8 404
536 885
663 135
139 688
977 997
989 444
762 507
947 240
575 569
570 540
57 12
140 22
921 922
867 928
153 891
316 385
523 283
746 602
732 984
913 270
300 487
774 760
46 82
421 586
927 826
300 909
651 703
563 378
583 623
114 838
158 520
474 936
478 295
730 828
225 637
598 888
714 286
532 378
511 754
259 800
24 742
617 688
746 562
908 869
85 169
288 586
368 526
58 397
404 208
738 635
222 664
388 875
6 430
905 282
250 975
188 50
963 167
914 549
320 170
384 109
613 921
776 915
227 489
591 450
679 98
682 770
477 952
316 516
328 50
410 375
249 709
248 615
83 700
141 912
271 431
291 40
38 564
224 586
977 12
594 472
154 391
869 705
637 836
37 675
176 301
655 911
876 168
180 301
245 73
937 686
720 56
574 725
736 909
481 80
239 425
343 862
64 338
30 299
990 403
307 930
911 797
971 948
606 549
984 374
594 520
538 781
705 126
577 801
559 442
616 772
147 664
359 846
261 695
68 521
824 690
492 864
915 16
429 547
350 919
294 640
960 409
27 464
872 147
752 90
214 509
892 10
822 324
824 86
181 679
534 127
183 71
497 708
226 492
793 490
777 941
704 731
154 398
625 676
835 99
946 537
800 372
605 820
271 544
454 469
312 228
989 758
764 589
777 830
407 154
743 337
233 729
603 649
177 974
646 593
966 517
643 965
218 591
771 162
55 997
952 374
556 846
150 45
575 649
61 478
730 499
944 99
246 598
595 701
211 212
650 540
89 909
1 840
843 193
862 191
610 204
186 426
829 46
481 989
333 596
500 526
189 523
784 753
177 741
10 834
752 5
164 710
38 550
222 340
721 992
648 320
334 472
66 311
138 725
454 460
739 219
663 882
486 168
656 259
634 408
542 97
85 847
564 473
138 676
32 175
565 379
974 723
683 332
327 774
353 983
455 359
289 126
902 857
189 87
944 26
97 816
992 212
32 707
414 178
843 198
227 665
554 895
114 493
604 447
695 211
844 633
800 275
527 928
344 143
414 662
108 445
381 743
535 869
919 623
854 434
328 422
501 849
463 142
448 264
67 457
285 923
343 996
52 954
127 29
536 18
59 277
278 460
153 850
675 109
283 102
449 303
265 874
722 143
395 506
330 951
574 857
297 537
267 135
854 328
913 466
375 94
486 562
557 627
692 794
768 340
724 705
487 873
567 318
453 251
387 85
181 783
407 910
553 635
974 374
343 780
750 692
993 495
93 357
543 71
95 988
496 513
960 635
888 995
279 639
344 970
492 56
807 228
59 298
80 442
813 72
439 683
823 765
528 942
619 178
801 75
508 659
186 463
866 220
64 13
542 482
154 192
855 873
68 621
514 608
381 738
864 298
2 546
155 355
321 159
233 301
911 493
414 207
694 600
570 33
256 185
558 984
595 590
192 81
84 540
86 839
128 151
961 231
551 764
935 873
795 765
685 118
799 540
159 937
711 140
270 615
642 510
254 855
510 445
292 624
421 537
24 40
389 149
843 73
746 247
977 64
304 570
421 351
290 298
961 33
428 626
616 545
104 256
270 941
888 682
399 715
19 217
334 187
955 75
259 157
178 499
389 951
410 19
284 710
729 375
171 533
16 390
568 691
643 620
239 706
311 337
349 30
872 522
229 435
124 770
343 608
726 449
84 966
862 243
221 665
821 467
939 179
977 772
819 976
544 561
119 858
729 94
24 925
51 70
144 489
271 803
806 289
616 88
937 406
276 512
601 220
44 338
407 494
870 194
407 576
853 325
636 571
378 362
171 520
930 517
345 99
381 314
661 216
954 850
114 352
560 406
776 312
115 406
580 307
524 770
393 437
273 813
414 30
69 781
805 718
349 706
775 543
833 572
245 113
869 409
391 989
655 688
585 793
985 92
508 696
54 57
800 520
956 939
764 286
278 561
852 820
102 789
260 683
624 955
581 788
473 46
95 386
292 355
865 423
239 100
334 546
265 282
762 340
527 909
110 702
819 579
301 282
497 651
994 244
8 116
265 751
242 479
926 881
249 59
430 96
675 70
579 70
732 109
951 112
678 442
716 461
369 815
171 743
564 291
229 856
819 535
214 12
436 705
414 849
58 841
258 448
591 646
192 560
542 773
335 521
160 200
253 400
172 766
237 54
790 948
60 238
153 435
591 504
2 217
481 524
279 555
870 257
564 628
268 934
605 971
395 568
821 723
827 43
503 53
919 76
166 634
985 586
581 558
269 332
329 116
970 561
747 633
458 135
287 640
899 611
426 966
794 323
558 280
63 986
869 445
726 114
506 805
547 604
783 359
895 34
843 757
181 966
111 531
699 649
150 122
255 743
195 99
121 957
171 732
988 828
368 925
864 882
114 314
900 941
960 550
811 686
360 600
242 792
245 773
764 795
139 175
140 874
858 81
87 920
716 35
713 641
220 690
993 341
149 20
480 437
888 50
757 596
249 402
546 533
780 743
984 400
893 81
163 168
8 867
203 449
95 760
81 282
372 370
501 236
817 219
656 146
654 445
875 621
181 654
473 400
952 808
384 58
644 627
973 355
243 199
427 553
707 820
209 833
673 996
543 529
712 94
287 502
602 174
162 99
570 100
990 766
916 645
679 939
331 498
481 542
776 666
725 994
513 122
693 687
506 443
260 19
398 556
290 287
143 995
536 475
295 952
85 281
460 408
671 498
542 611
357 719
857 212
547 765
436 727
397 393
924 82
642 731
827 406
59 768
775 515
210 803
905 130
526 158
819 144
254 28
364 83
451 683
239 604
913 698
354 879
852 840
462 803
679 640
104 219
966 126
268 265
401 336
325 840
86 664
402 685
592 389
648 439
320 403
114 866
376 165
339 283
485 723
142 539
895 251
226 260
753 662
679 351
472 390
331 632
632 395
314 370
101 317
926 294
98 39
527 310
159 744
169 516
716 283
472 126
534 443
455 987
219 651
750 868
355 264
581 313
105 75
840 637
214 40
880 473
736 446
177 319
275 148
993 65
477 208
117 979
685 982
181 696
617 507
104 781
156 862
51 509
159 435
930 885
983 471
824 259
94 445
614 761
387 617
120 277
669 941
101 96
84 40
739 230
503 678
641 286
253 293
299 859
819 124
259 281
636 155
867 854
48 190
357 327
712 298
83 91
938 247
398 673
827 582
614 918
64 904
527 689
105 76
769 761
752 557
90 952
786 429
599 586
203 830
38 262
847 99
297 136
154 259
10 89
906 560
755 272
775 869
344 173
629 133
254 37
172 683
80 885
114 149
803 187
74 214
777 76
299 45
222 196
728 841
799 582
621 610
669 162
307 550
314 779
823 11
391 225
710 937
757 259
577 933
249 430
284 270
265 836
432 212
983 396
695 841
271 922
769 865
170 964
645 681
225 88
530 190
924 990
709 441
49 394
656 323
196 132
576 555
127 849
457 362
410 119
593 132
542 851
448 99
119 569
376 699
325 744
161 287
736 758
584 480
644 937
131 118
257 917
461 878
349 960
524 848
50 303
249 684
216 708
821 425
141 604
519 917
515 924
61 850
368 468
331 487
721 464
351 149
686 264
834 145
821 309
266 264
30 289
211 34
283 424
532 35
54 118
292 559
594 526
648 117
478 40
171 310
478 950
669 150
230 953
448 944
960 739
892 526
359 170
242 723
218 749
280 148
772 641
157 884
565 432
581 78
209 934
763 283
963 758
461 904
180 834
822 689
514 126
843 796
311 770
734 517
741 559
316 33
574 317
532 554
717 469
1000 966
235 861
34 283
349 537
830 907
115 220
23 170
163 479
652 282
339 570
84 948
88 174
395 470
918 875
328 510
290 685
828 275
115 534
624 561
775 43
957 836
929 607
592 766
30 230
13 289
640 411
90 462
896 90
527 880
246 502
113 490
726 367
959 422
11 215
762 418
568 42
557 190
146 342
87 96
355 342
290 450
159 204
58 301
790 646
719 623
336 396
245 697
563 434
709 703
854 119
433 681
107 680
180 967
866 242
934 63
534 528
332 531
369 799
889 293
426 600
741 116
706 611
84 262
481 906
58 259
359 75
489 504
41 327
644 935
162 490
365 491
905 333
556 258
59 826
960 832
125 543
120 903
447 996
9 86
376 684
31 304
181 830
499 666
720 507
536 664
709 600
729 510
226 194
389 374
724 242
155 194
300 78
967 355
787 82
128 480
844 33
97 684
575 685
543 745
605 680
344 355
29 928
318 696
138 647
508 815
290 332
496 286
989 718
186 80
813 831
816 199
156 293
871 803
639 637
605 841
321 263
1000 98
642 274
578 863
23 936
682 422
776 63
183 96
812 805
253 743
393 190
376 758
868 905
532 175
754 75
735 522
721 847
131 664
977 485
499 498
869 223
890 635
160 14
746 482
783 469
215 616
218 873
578 788
300 257
389 161
640 490
155 990
669 899
466 757
722 467
103 133
388 323
69 569
261 523
923 690
817 139
780 793
673 305
105 476
909 635
786 935
622 780
578 317
164 428
57 161
239 210
93 245
556 829
125 148
929 106
579 469
11 146
49 996
950 691
359 206
968 152
513 662
283 879
806 317
451 516
114 485
921 211
704 690
299 701
959 684
449 517
547 265
824 671
241 784
739 891
556 611
679 516
463 603
339 617
761 852
711 698
552 654
649 863
807 494
767 468
61 375
227 627
357 512
389 129
607 423
780 705
67 252
714 950
713 646
318 57
435 981
790 611
165 649
812 129
388 198
523 389
407 732
84 831
307 541
50 891
180 32
687 423
511 566
709 815
476 33
60 590
43 341
500 498
248 395
358 814
928 765
302 168
88 703
214 286
514 528
775 707
245 887
18 675
934 456
475 814
576 857
585 511
961 430
962 468
599 610
853 862
967 144
828 99
660 438
237 371
511 788
183 219
539 834
847 257
557 42
631 39
284 286
465 466
726 276
999 206
196 828
983 880
903 627
588 986
290 885
500 884
898 779
569 128
485 521
81 130
152 846
177 58
729 26
376 962
61 777
655 324
331 395
713 792
328 144
715 620
535 871
842 753
520 217
58 964
189 295
462 255
551 163
732 700
452 49
988 131
612 661
208 751
338 818
227 528
155 564
592 316
819 939
90 601
89 727
92 837
678 964
817 928
41 59
484 936
853 98
603 749
964 5
913 792
142 122
515 124
457 337
167 892
663 603
575 864
211 469
394 40
413 263
685 35
551 986
295 707
76 71
477 959
27 397
854 649
353 259
216 950
402 538
159 959
312 288
956 947
95 385
350 591
972 965
172 431
448 277
961 204
241 85
569 965
605 468
128 781
163 715
37 851
591 220
546 671
117 836
685 103
578 163
262 781
992 14
31 373
283 263
399 826
110 406
898 464
184 819
847 589
24 509
208 516
669 649
921 997
709 5
231 280
417 146
64 809
346 805
311 79
591 498
168 828
939 312
991 416
300 663
262 986
139 531
946 358
675 933
395 569
291 940
219 411
114 207
663 651
328 428
243 836
318 904
101 280
980 64
599 948
660 53
267 122
880 244
988 589
974 815
774 826
591 528
388 734
650 649
9 218
890 376
156 964
452 707
696 892
36 690
865 923
679 408
592 747
314 162
333 70
119 128
145 749
982 715
835 908
221 323
216 797
973 449
886 930
498 931
186 741
500 899
885 607
90 252
287 570
492 568
747 966
24 888
7 476
136 582
47 654
871 797
695 534
215 281
306 727
643 578
936 45
539 814
277 507
6 715
391 978
563 763
394 399
107 513
164 703
466 672
746 553
843 48
613 311
667 828
181 268
636 926
176 881
803 168
160 539
759 586
472 850
213 335
633 109
947 151
274 56
656 324
991 272
97 465
57 201
50 751
871 133
446 941
939 351
136 925
492 252
330 188
115 245
478 268
616 216
137 398
587 652
619 648
880 925
197 999
127 400
769 278
241 194
186 8
331 730
660 460
297 478
357 888
161 958
47 516
746 64
644 592
451 100
806 573
734 966
294 859
898 112
260 564
314 891
867 589
796 317
562 664
318 41
943 928
912 802
305 482
225 779
306 816
761 443
402 691
934 856
921 130
176 76
135 136
64 834
563 62
554 703
911 909
774 924
240 212
975 352
759 87
299 810
796 904
429 742
780 850
339 386
250 382
819 992
49 100
609 480
827 425
120 131
937 217
613 99
367 289
392 654
67 953
776 389
842 173
988 924
628 766
898 993
521 727
556 773
405 425
829 87
706 355
579 755
945 887
565 646
964 610
714 483
195 42
581 623
97 483
759 447
579 502
356 522
246 219
84 735
571 421
103 14
911 906
895 305
606 107
532 778
973 50
746 780
189 515
812 957
481 825
543 831
893 816
947 277
180 909
617 362
808 504
970 555
458 740
408 603
996 100
877 667
463 511
156 808
68 397
335 820
144 992
559 490
164 483
369 16
641 255
189 826
85 499
115 323
743 20
601 925
503 197
470 664
290 616
717 783
224 114
4 283
117 446
27 359
494 484
49 435
871 639
86 797
870 172
452 693
513 925
913 528
567 233
614 180
224 993
22 276
171 682
458 630
597 314
210 204
946 953
446 718
265 834
486 988
299 879
115 939
365 262
904 737
442 805
478 63
44 510
722 969
137 639
790 263
729 173
297 135
105 390
250 940
643 161
180 112
53 238
913 914
916 247
410 118
60 507
387 13
133 70
41 329
30 862
85 317
485 627
495 903
969 208
951 533
17 333
274 28
238 789
521 927
422 731
494 820
542 248
227 878
998 680
763 800
105 365
964 743
824 509
550 317
592 190
169 712
274 3
150 773
301 337
985 753
103 400
358 920
767 418
17 471
295 902
716 266
439 185
295 322
351 828
725 564
304 207
730 545
269 880
216 81
605 713
694 753
164 273
80 715
345 484
510 950
494 283
297 240
118 450
725 874
651 123
300 363
963 189
932 649
379 418
819 165
414 231
633 422
532 688
536 894
739 642
349 436
318 974
542 227
999 667
973 908
963 641
711 295
489 124
345 487
771 859
96 185
74 117
239 328
115 611
441 948
811 341
6 859
8 6
817 964
969 941
218 635
64 863
350 515
976 94
233 608
346 846
985 288
379 113
677 698
736 231
892 282
883 928
845 809
717 756
956 812
163 483
407 100
672 475
141 327
103 623
769 802
16 282
915 967
510 162
369 148
777 209
6 20
251 744
784 788
913 365
548 607
698 710
138 328
567 33
52 710
59 889
156 464
153 204
32 147
750 583
604 982
127 524
853 134
720 187
115 537
667 267
251 809
202 352
645 878
249 867
784 50
655 282
515 751
74 389
330 606
384 21
76 46
592 854
207 820
44 378
580 17
57 992
175 129
343 867
713 971
197 566
56 450
165 352
184 556
721 538
243 289
478 647
872 922
796 883
429 4
827 483
69 708
565 207
364 571
254 611
663 29
811 252
440 531
546 320
7 36
407 835
963 370
908 228
455 123
747 475
736 958
560 124
717 533
849 836
331 555
207 507
886 377
63 424
197 336
908 123
471 707
529 874
730 416
117 699
553 982
164 87
883 88
918 36
712 962
388 556
833 358
889 751
263 348
964 255
178 94
523 738
508 19
645 213
290 903
165 361
899 194
439 703
761 911
357 274
395 118
896 433
254 618
186 650
668 538
888 107
889 99
951 582
466 40
138 674
158 923
427 654
700 814
571 443
181 576
221 691
581 444
849 256
857 799
633 102
56 611
872 116
835 136
868 549
911 39
786 393
988 256
438 700
574 934
296 133
755 931
300 693
961 728
21 937
712 151
895 907
967 347
309 55
419 148
57 889
844 954
57 505
705 805
241 129
111 170
10 282
932 766
193 777
660 14
769 980
13 610
398 354
388 841
562 386
514 289
473 423
769 658
660 554
869 425
573 258
580 546
191 277
999 40
558 569
603 310
617 209
306 864
914 662
898 937
477 286
6 540
108 439
728 143
43 222
216 366
197 143
986 715
474 233
642 633
18 805
826 751
974 841
994 238
334 631
209 132
856 841
211 850
776 888
134 342
786 217
110 531
327 251
111 830
38 106
833 996
722 775
590 19
637 887
265 734
675 742
767 899
634 818
845 885
78 928
646 179
794 216
27 116
138 164
279 936
506 887
910 324
17 747
349 675
971 374
664 708
883 504
312 526
648 851
951 633
740 630
669 440
657 341
711 76
712 133
583 917
343 690
142 470
881 562
463 21
402 749
438 98
439 272
307 262
735 97
176 616
471 32
294 354
454 311
903 354
812 874
294 310
950 938
757 144
405 981
300 616
192 797
667 839
80 26
140 469
908 606
667 103
897 887
552 98
576 947
775 497
532 418
261 88
389 147
192 369
963 255
89 492
181 657
733 46
532 754
735 917
717 650
166 805
478 134
595 1000
210 438
229 106
54 360
857 831
415 804
131 484
749 836
734 638
680 341
457 393
974 859
652 62
796 442
542 639
796 942
670 5
697 293
193 970
672 773
896 808
41 46
269 305
678 398
365 310
477 668
497 179
902 168
646 859
728 511
636 369
912 637
881 456
162 545
160 923
842 143
716 338
934 281
916 140
241 182
295 767
774 301
578 930
775 459
463 846
101 247
319 128
413 793
469 399
178 311
270 635
911 758
181 794
899 365
524 753
650 941
316 124
581 797
710 340
209 887
605 418
398 436
128 927
429 722
451 583
364 880
903 727
650 73
262 302
600 94
908 815
381 447
693 762
927 615
180 931
357 210
843 959
167 743
576 199
260 336
902 163
242 351
357 570
29 13
31 825
413 366
669 829
53 135
551 136
37 803
186 495
61 553
78 991
869 293
724 333
447 521
724 785
587 764
968 586
642 97
309 483
720 897
993 582
886 936
921 133
427 24
248 86
636 135
427 315
1 725
755 649
95 884
457 484
613 975
271 672
609 743
66 641
655 444
495 676
8 344
260 144
38 406
922 966
761 86
210 820
796 979
233 32
508 689
551 506
819 673
690 938
862 905
899 621
7 132
111 800
427 102
711 10
477 617
514 143
695 315
532 655
827 669
699 828
260 217
563 389
296 252
830 881
376 583
451 781
655 20
833 654
290 370
54 294
865 303
900 173
629 873
4 439
153 923
151 416
203 111
429 448
489 484
565 263
616 113
553 780
825 426
37 836
697 132
176 584
844 370
798 265
12 390
451 126
469 259
474 5
203 788
926 841
989 63
478 211
172 375
544 712
300 393
800 802
871 962
892 152
503 548
622 113
330 99
184 945
921 422
494 793
478 354
118 464
574 424
101 654
176 400
624 58
291 861
156 294
827 639
287 657
593 686
387 462
248 286
963 588
32 122
451 214
659 861
588 103
695 925
40 917
592 354
542 971
300 802
138 878
619 142
154 800
251 479
659 714
107 301
697 745
383 202
845 779
774 265
419 779
609 723
359 333
380 521
508 566
419 530
772 140
60 609
6 54
221 370
101 124
563 756
693 280
786 714
767 892
380 466
273 1000
376 483
594 825
108 146
60 29
546 539
339 539
102 981
330 348
31 908
6 347
880 687
112 372
93 654
367 467
296 891
978 651
137 904
302 256
47 187
656 139
711 533
430 671
325 933
513 684
271 84
755 954
864 728
224 818
153 135
462 187
724 202
854 487
30 16
753 240
626 126
741 173
628 366
868 909
293 933
919 228
279 133
652 46
377 740
378 151
733 858
514 917
833 173
605 492
272 887
717 998
186 168
95 22
404 284
556 862
299 533
376 353
391 939
484 472
13 799
338 472
487 119
514 369
492 1000
435 927
898 285
722 846
630 887
993 921
8 754
214 639
890 477
572 73
184 652
229 914
602 220
181 991
681 337
224 132
703 126
852 676
574 182
395 560
930 29
8 752
336 858
382 928
339 593
772 1000
487 968
115 858
499 443
249 818
429 833
395 897
876 190
652 801
233 341
273 301
385 94
601 715
339 92
383 779
881 768
769 775
747 490
186 34
811 32
804 560
632 952
762 809
448 511
249 847
433 986
735 962
177 80
364 67
812 590
476 517
539 225
273 540
851 102
635 789
912 776
693 450
253 725
697 442
738 502
258 227
920 727
903 657
463 627
392 590
297 273
164 157
180 151
739 609
643 236
577 572
439 715
481 656
54 742
961 140
905 681
526 198
249 538
698 235
908 549
575 666
328 903
492 112
857 126
189 75
225 94
446 377
389 78
253 659
879 185
987 750
785 284
470 406
194 310
274 133
2 30
496 450
558 582
463 709
691 620
812 131
855 801
624 569
569 136
1 747
111 687
58 281
665 925
57 211
154 443
394 993
525 152
467 637
412 631
388 920
866 244
807 196
775 284
811 570
701 951
115 268
740 374
642 547
211 801
378 19
51 235
753 434
54 441
627 361
260 296
668 106
961 16
209 779
546 875
962 621
28 170
489 976
823 800
790 904
93 88
694 684
994 559
911 774
614 785
594 522
513 152
314 425
932 513
178 173
839 341
236 507
882 303
349 180
994 670
495 256
844 807
523 832
419 765
524 5
84 394
943 134
915 873
485 314
893 173
270 885
821 875
63 472
291 442
394 466
239 336
407 489
663 690
794 861
10 709
851 649
563 476
999 175
215 291
267 584
35 727
586 941
254 354
932 689
164 78
38 789
554 562
994 951
196 325
575 246
613 911
304 1000
153 709
730 560
706 439
487 326
643 293
720 945
134 70
335 148
155 207
410 381
350 55
482 948
36 751
311 789
350 720
421 256
166 918
302 788
246 897
266 707
121 393
871 610
688 618
316 559
254 175
309 85
32 198
901 934
976 190
152 272
261 210
854 91
583 990
547 582
604 942
678 621
145 727
110 35
125 930
167 861
870 967
977 751
427 944
427 263
339 233
970 439
360 802
95 699
659 765
843 194
391 433
475 531
97 431
188 405
411 936
728 630
145 464
193 265
980 787
451 829
930 56
876 924
680 805
900 298
336 560
940 129
262 925
156 770
66 680
889 122
532 75
413 428
76 690
827 106
976 608
387 262
260 536
635 1000
739 348
178 385
821 165
988 199
633 562
246 698
963 862
216 505
912 118
876 447
1 838
883 493
616 122
172 712
835 280
98 927
841 33
180 195
695 369
753 714
256 174
351 923
613 715
774 96
775 882
558 390
651 288
816 950
618 149
999 272
214 712
198 475
110 521
165 428
648 132
867 24
261 521
605 122
427 785
10 267
232 802
818 25
726 630
747 799
978 690
163 468
327 206
182 5
241 130
538 168
63 473
943 68
824 586
197 584
515 152
371 856
349 466
729 676
297 687
733 837
48 424
598 815
400 923
345 999
291 747
952 35
259 187
458 276
900 195
629 139
481 435
909 631
780 712
606 738
678 519
330 723
496 707
703 517
913 907
281 332
599 55
526 635
983 416
514 313
253 217
56 310
111 942
95 800
761 956
498 810
387 856
63 779
109 255
946 355
300 418
285 691
694 123
967 443
295 702
56 112
972 633
183 55
184 911
527 301
755 182
388 538
617 555
816 981
356 888
656 89
569 840
395 717
932 907
171 163
457 986
721 968
667 665
150 279
297 801
83 317
433 635
344 19
219 653
131 240
19 322
568 1000
115 131
723 781
944 435
854 351
250 882
513 130
497 187
201 704
632 902
314 151
647 59
853 315
556 60
892 546
821 618
515 134
935 380
235 308
60 583
113 879
939 204
61 165
542 944
462 875
636 114
581 601
567 170
111 734
366 82
426 658
904 922
524 658
137 400
943 381
56 815
673 180
658 511
237 362
807 151
168 537
244 887
880 63
291 187
269 362
430 633
605 313
605 330
296 307
572 456
253 251
741 874
78 175
150 520
189 120
724 168
959 628
853 524
535 517
960 516
138 282
862 270
439 157
37 906
866 92
830 995
724 354
65 240
134 938
286 861
750 795
508 79
454 962
111 374
685 671
807 950
726 437
448 641
567 871
43 609
785 518
87 586
679 268
183 292
498 315
636 638
669 171
835 809
621 690
783 282
724 43
913 791
237 169
844 348
410 253
595 469
834 925
19 657
674 818
380 938
859 370
864 347
936 863
629 254
761 379
669 386
172 862
959 706
156 32
780 541
913 411
452 510
842 361
458 895
57 925
21 212
497 211
813 589
316 491
137 975
392 321
945 96
637 255
782 135
31 495
822 933
396 600
733 278
514 447
411 593
419 860
153 585
901 320
351 281
501 171
501 684
64 936
376 437
819 190
962 607
330 516
590 997
334 28
120 789
717 122
61 660
444 73
7 462
401 975
165 781
783 228
929 904
748 324
344 205
76 797
558 676
807 566
408 287
762 626
579 687
619 874
283 929
912 837
177 553
987 974
566 630
56 838
291 490
37 167
936 981
140 570
40 954
80 257
353 94
859 719
470 604
896 355
932 353
391 128
203 902
790 840
758 281
225 483
537 340
212 373
216 966
848 33
880 439
245 861
239 587
313 779
238 45
316 155
231 715
796 602
485 130
12 931
135 79
931 948
58 974
493 962
183 14
166 445
371 807
759 170
333 174
485 275
983 116
624 59
624 448
37 618
399 122
300 968
844 560
872 96
848 691
868 980
614 239
711 194
944 570
429 257
892 601
401 519
54 475
288 749
720 227
336 773
922 540
261 19
136 393
227 903
31 728
177 780
871 863
594 961
594 10
225 162
833 437
279 880
560 14
908 59
720 55
824 966
930 894
53 765
221 101
321 450
635 630
154 714
212 82
285 100
785 593
469 920
291 837
2 272
919 997
149 26
577 983
154 896
501 587
564 33
110 719
413 448
142 646
515 639
364 63
774 690
336 87
595 256
278 609
750 121
559 976
429 192
732 606
167 862
227 520
591 446
994 974
256 79
6 775
258 731
811 66
61 703
120 538
137 732
524 472
339 888
784 667
675 265
108 766
14 917
952 929
57 405
438 161
295 616
150 341
186 996
962 400
661 759
527 55
769 780
345 69
532 479
16 948
455 504
683 342
459 512
797 814
297 880
10 814
744 797
181 119
262 652
121 911
285 238
821 460
9 385
532 17
392 123
736 119
735 668
353 572
477 188
595 265
208 5
336 202
851 367
376 465
585 374
254 470
274 144
737 1000
367 72
48 337
260 792
279 475
500 559
297 7
874 323
906 148
895 705
125 561
271 790
811 782
151 275
955 888
886 908
939 738
143 502
304 631
940 861
659 441
430 493
54 317
94 766
900 130
991 670
153 425
696 537
85 20
158 954
363 779
678 582
571 408
862 393
542 333
287 566
577 164
671 991
261 14
180 517
304 94
404 976
382 688
76 3
695 411
730 175
890 942
796 702
525 472
943 953
817 1
827 208
295 165
138 153
559 82
815 393
375 390
233 211
125 453
785 911
988 690
43 665
4 70
739 127
923 665
963 555
674 586
215 308
414 924
309 836
271 61
346 555
557 105
387 698
740 788
246 607
49 757
359 174
452 932
914 236
451 687
510 483
55 779
331 841
722 187
410 179
499 937
486 55
487 191
767 130
752 20
642 47
330 701
916 160
698 756
19 341
707 623
246 377
727 965
525 290
853 949
819 390
213 923
548 133
767 224
17 128
256 370
300 159
167 729
167 435
651 859
817 871
343 928
639 158
237 43
588 899
988 779
954 79
350 513
956 60
575 850
203 231
774 329
654 615
463 179
497 856
291 520
54 228
528 931
791 879
388 397
614 347
140 641
501 675
57 552
430 445
752 945
324 362
658 685
884 708
592 874
699 878
663 779
261 327
463 576
438 936
216 718
31 22
343 256
327 714
535 556
112 718
89 791
205 170
150 480
975 954
993 649
49 869
211 754
51 572
639 135
859 814
823 691
11 714
721 148
577 143
150 595
65 467
354 929
137 325
736 808
698 83
726 385
644 11
120 146
151 340
525 351
318 672
856 572
926 35
619 396
334 18
713 438
221 102
435 805
536 409
917 361
493 263
439 672
406 520
44 267
9 319
249 469
232 635
46 770
514 442
237 758
364 335
238 106
493 802
919 113
871 648
299 418
924 124
584 308
604 98
508 335
327 773
625 630
54 392
771 637
629 102
955 703
17 878
245 12
617 332
926 411
912 998
910 369
216 40
417 694
369 476
270 129
257 762
147 468
365 964
692 135
351 954
134 62
444 437
232 168
306 434
716 586
438 159
25 568
919 594
332 264
63 550
542 218
391 416
564 275
708 70
857 850
566 561
308 244
953 582
47 179
667 516
249 335
999 363
565 327
587 403
771 610
913 635
652 589
618 77
215 109
358 789
821 163
271 715
660 871
312 408
240 917
956 202
208 281
821 51
210 126
562 235
729 247
896 982
492 737
474 116
93 979
363 646
730 110
614 223
392 874
427 86
817 63
230 27
693 740
752 766
62 861
320 881
973 169
2 493
478 461
614 174
944 625
790 435
80 848
692 515
269 846
218 224
181 924
145 779
755 964
177 376
95 826
824 10
79 540
975 715
210 307
456 623
999 788
674 815
655 371
655 685
880 493
271 143
384 439
365 950
729 755
870 648
669 1000
923 981
947 762
68 804
969 681
15 287
870 787
58 904
721 515
125 672
685 541
353 647
192 94
788 204
672 797
13 96
821 403
397 374
697 157
454 873
843 465
700 625
739 566
595 570
248 688
211 654
369 809
655 459
24 856
271 680
398 800
232 126
573 182
463 433
726 820
733 765
402 398
470 792
661 540
183 132
685 336
710 672
245 745
448 80
624 25
932 511
253 75
350 717
350 774
571 944
558 401
8 855
693 161
977 135
769 142
823 546
679 676
866 352
104 872
388 825
794 804
392 743
227 637
233 504
6 526
407 854
786 826
171 400
497 966
424 418
117 992
11 92
726 847
250 124
213 872
982 878
414 171
376 851
592 533
485 440
664 443
973 467
848 569
489 621
813 754
651 908
201 903
879 5
146 588
769 908
458 842
367 323
11 936
405 98
316 470
246 997
617 247
998 99
726 100
49 184
177 918
694 296
678 566
349 26
269 337
629 750
466 470
50 332
656 383
140 672
864 435
752 382
309 375
419 84
292 635
3 277
974 123
977 878
974 102
501 586
580 643
158 691
13 372
306 510
767 512
737 537
771 751
729 34
167 277
117 469
629 141
135 81
291 836
819 81
158 151
641 881
785 628
514 42
56 953
717 444
644 876
991 770
459 831
334 3
934 942
708 670
837 995
144 625
131 472
246 591
471 293
535 607
60 880
994 319
499 839
959 80
195 802
431 860
910 684
52 220
967 16
588 971
542 478
77 831
538 170
230 393
360 781
964 966
732 432
91 56
203 674
699 825
292 753
721 929
463 719
960 401
514 700
105 132
241 29
108 861
996 633
588 28
80 311
422 846
297 320
97 443
134 365
266 810
866 234
947 839
876 236
22 633
952 175
164 48
458 719
21 68
511 333
139 815
183 454
841 236
696 180
952 489
113 584
840 560
203 420
421 485
133 683
389 140
19 562
69 14
677 633
792 234
656 96
454 119
44 323
57 820
594 424
722 373
543 353
321 674
565 729
47 631
382 789
992 569
916 610
774 929
187 281
439 744
8 554
334 13
500 320
83 472
190 179
467 450
780 561
343 449
237 80
784 709
711 702
438 906
771 548
811 627
748 14
667 128
499 255
371 277
68 403
892 464
306 280
625 235
717 348
368 727
974 840
350 28
498 445
922 126
65 742
185 779
302 686
527 435
567 685
508 569
716 39
328 143
542 420
458 799
771 783
336 204
636 151
653 335
527 32
251 243
35 958
269 582
381 449
333 637
402 710
510 703
692 875
243 480
481 61
465 976
993 719
66 657
413 923
336 513
269 780
163 281
687 623
459 863
830 162
795 332
389 568
428 517
674 288
451 530
987 171
898 79
384 421
554 765
222 50
558 552
777 204
699 779
136 281
580 202
946 749
237 815
133 549
172 795
274 46
129 878
975 950
556 664
902 99
901 22
579 498
63 173
978 936
364 129
704 884
881 718
660 654
700 504
956 549
350 289
388 457
209 668
92 665
859 191
1 18
300 165
790 195
168 765
506 291
192 841
562 72
494 289
673 75
431 880
661 19
643 450
466 489
169 79
959 270
923 441
27 620
969 244
672 615
284 743
177 706
50 351
120 770
142 282
932 859
76 779
679 529
663 315
829 100
356 200
890 441
796 126
910 625
209 879
911 472
499 439
660 661
442 483
462 40
487 703
874 981
325 687
339 396
892 398
417 807
899 244
843 82
182 42
93 645
663 537
576 989
83 553
304 778
266 81
931 778
713 835
92 937
395 906
202 370
436 33
497 917
425 990
466 63
269 482
821 306
488 763
117 812
990 33
738 70
149 373
176 405
387 621
63 516
486 495
248 540
968 122
734 35
862 511
737 73
538 879
577 381
868 287
791 40
579 964
799 927
357 136
740 118
197 991
642 307
915 147
110 5
331 191
477 180
956 833
209 340
500 676
581 302
945 789
177 216
582 450
729 910
335 658
786 425
346 298
821 611
811 435
650 516
245 313
961 760
912 778
432 831
732 829
985 950
2 553
902 774
41 81
186 258
389 431
229 277
284 64
88 182
351 129
371 541
973 33
95 6
104 805
813 109
245 505
446 163
29 362
468 99
929 654
17 897
511 365
876 522
573 608
351 354
616 326
339 673
486 528
602 281
548 381
896 561
843 209
865 950
347 475
23 643
812 647
455 172
724 670
104 308
213 809
471 399
18 841
627 77
554 791
916 728
648 795
653 280
210 517
427 678
501 435
525 289
983 997
655 120
675 228
567 234
144 324
843 319
935 582
233 63
574 727
756 670
974 333
794 258
724 10
120 195
780 702
732 90
621 635
735 650
191 199
61 593
405 788
825 675
463 920
688 874
415 517
613 948
600 106
937 586
421 294
277 740
151 341
188 385
876 398
465 780
544 169
405 662
249 712
30 114
929 958
161 276
651 731
232 507
44 293
886 442
811 676
166 456
793 484
795 981
320 782
10 397
798 418
315 779
802 106
575 264
414 890
1 198
717 904
205 979
576 233
363 4
6 849
455 281
335 112
725 397
543 705
447 252
764 277
499 737
1 985
419 57
242 848
183 363
648 555
573 703
408 965
650 332
577 804
320 145
29 641
690 637
782 442
394 603
414 69
164 885
953 277
240 920
294 929
684 99
297 231
407 435
944 240
526 496
741 910
162 149
218 310
93 277
650 12
176 793
975 422
137 958
67 391
359 555
237 757
164 555
474 18
699 32
223 509
421 810
243 467
776 823
635 981
619 639
726 945
514 256
140 646
306 337
499 683
660 445
236 781
680 403
529 227
497 985
719 850
23 353
8 369
401 531
796 620
156 774
909 63
261 693
105 954
656 238
624 299
181 335
1 310
640 607
893 897
379 332
45 965
188 92
283 397
511 282
51 879
693 292
514 982
469 498
806 150
628 338
313 40
645 930
461 789
762 690
10 447
746 552
379 315
896 847
987 501
914 504
737 238
116 288
614 611
408 206
543 695
121 948
602 903
876 298
912 639
345 439
164 126
366 861
457 519
59 128
667 282
334 255
318 704
501 160
327 515
474 434
23 65
108 697
871 431
932 123
932 560
147 285
576 976
940 670
906 480
655 624
931 504
381 860
203 529
330 107
747 638
349 328
345 545
851 561
212 801
284 758
999 274
123 397
379 304
786 528
108 351
527 721
848 71
241 748
391 176
150 65
614 538
667 540
532 159
872 495
191 727
260 477
984 904
306 323
52 822
24 87
387 512
183 907
224 781
975 714
54 930
394 59
692 838
306 799
824 456
825 168
640 948
78 873
296 708
613 382
33 82
246 290
907 491
479 635
180 802
397 740
427 34
218 259
148 779
901 782
24 718
41 656
613 207
614 215
23 557
874 599
28 954
655 421
911 975
550 133
889 737
435 936
845 993
334 82
930 682
104 154
356 207
285 362
56 26
750 411
660 330
570 773
690 39
2 652
405 390
7 157
851 788
66 36
413 667
895 413
644 1000
22 844
721 256
699 685
389 755
283 400
84 682
379 337
182 277
271 841
240 715
994 782
426 16
168 986
243 485
28 945
378 212
486 349
894 46
54 559
56 742
932 335
603 743
539 838
576 204
5 174
426 568
150 969
355 809
232 487
178 799
506 112
288 744
642 507
607 860
666 568
60 287
614 850
720 175
978 140
154 129
798 163
693 66
52 126
414 792
989 65
844 703
184 920
308 173
306 897
478 133
888 428
299 687
600 480
121 886
413 517
430 925
967 927
786 183
988 29
567 442
573 72
356 170
996 690
544 984
377 684
653 443
154 935
838 850
932 374
2 162
58 71
978 862
8 645
241 268
810 373
854 340
124 799
108 246
508 702
192 122
880 630
138 194
493 68
587 101
349 394
575 26
741 238
45 348
121 654
565 677
432 879
50 690
696 993
89 744
195 691
494 779
405 505
647 526
652 948
302 517
49 39
176 413
492 710
988 707
294 921
612 236
908 524
890 266
564 933
423 441
895 968
580 383
141 608
492 904
534 409
203 465
332 545
497 169
903 609
759 252
923 303
227 618
86 965
732 981
967 19
1 776
76 606
296 220
54 314
389 130
564 304
251 442
141 439
897 236
420 744
184 625
556 103
573 863
189 650
869 691
16 377
28 879
196 409
876 555
915 768
660 754
455 22
424 805
684 195
632 372
351 540
634 88
229 234
430 101
730 378
235 255
534 908
201 502
644 174
369 415
884 149
543 233
617 830
869 917
287 403
697 732
772 864
865 578
97 952
900 540
64 175
669 83
92 173
943 407
486 714
430 839
913 671
575 703
184 941
496 314
719 690
740 472
852 356
211 340
926 120
845 557
972 187
791 593
646 444
577 400
558 434
564 480
651 930
491 315
163 765
558 431
222 441
578 795
923 317
687 332
782 63
363 702
222 691
987 99
871 337
771 692
497 993
829 480
297 151
465 760
213 687
908 281
655 233
548 418
234 861
952 96
386 773
628 283
864 480
224 662
558 913
23 965
338 899
651 939
246 205
410 887
692 98
424 979
400 55
827 624
376 369
331 58
349 866
651 422
408 151
796 448
759 406
675 123
988 421
454 275
54 473
551 394
225 55
977 202
318 521
463 501
818 36
903 329
902 928
417 200
858 814
219 196
735 407
419 390
455 881
974 995
660 627
725 653
725 56
78 16
13 204
877 631
764 778
971 766
368 905
258 347
488 788
477 927
577 543
523 544
410 894
178 28
211 839
660 82
590 151
24 244
331 964
977 517
961 408
357 714
943 855
588 930
513 333
53 119
899 990
186 584
602 873
924 443
543 57
449 490
267 242
510 272
125 26
197 637
823 274
388 273
114 470
360 73
432 509
105 553
159 433
769 389
54 137
644 953
539 606
829 99
868 885
438 807
265 313
670 649
746 586
481 610
56 400
518 461
892 227
258 159
439 779
391 146
151 797
119 322
791 25
153 578
752 885
678 475
954 507
420 447
379 493
258 635
478 56
722 385
595 757
210 791
391 366
462 354
303 504
451 86
677 651
141 782
616 837
346 925
697 657
681 809
921 231
498 423
830 828
745 126
448 991
192 133
187 925
371 922
883 437
573 433
793 272
155 857
725 981
246 365
224 363
637 766
711 742
735 633
604 489
14 337
895 314
932 782
401 162
224 432
186 747
761 596
558 462
10 727
320 286
138 317
891 627
893 965
379 317
465 489
548 701
74 840
181 948
644 137
594 537
166 628
23 348
43 959
119 200
862 358
988 998
574 472
51 15
544 932
659 153
861 610
493 19
203 376
741 154
631 920
501 973
300 803
741 229
943 12
391 835
962 337
910 266
970 170
883 839
330 77
384 324
166 479
654 340
526 737
230 738
85 170
971 502
506 465
622 899
499 668
255 766
465 223
241 273
207 87
973 950
759 62
890 654
268 26
127 432
331 346
698 265
567 71
926 995
741 213
43 445
209 791
977 673
432 275
196 308
451 68
768 770
306 833
397 276
697 522
916 876
828 923
522 513
278 950
63 676
855 744
49 587
466 635
485 173
857 972
208 162
344 185
52 618
993 35
297 828
866 473
518 310
956 461
271 737
694 939
283 323
763 829
706 727
242 638
142 415
970 36
642 521
654 308
4 16
738 958
776 778
893 389
546 416
448 715
391 549
871 352
566 360
659 310
74 311
436 434
167 680
278 109
387 238
812 744
389 73
542 385
653 759
638 917
180 533
52 706
932 79
900 718
901 46
454 667
9 427
803 805
392 114
946 649
230 86
344 757
769 596
350 469
876 332
249 466
66 597
892 745
896 882
345 492
933 441
956 14
367 754
815 270
347 504
852 36
698 374
19 403
17 5
296 833
8 942
116 756
245 989
215 149
49 447
177 194
609 199
534 715
419 999
477 836
573 815
336 941
903 311
707 718
635 352
835 866
31 573
911 653
693 634
420 559
294 447
613 211
120 686
320 459
790 245
775 795
622 355
197 801
914 510
865 340
573 155
532 633
669 242
284 347
619 264
532 630
983 406
952 314
570 873
444 950
493 102
679 787
576 939
371 553
911 11
152 887
24 182
465 122
379 937
711 55
821 88
113 83
376 13
63 948
591 834
921 301
44 365
300 775
748 627
503 745
824 558
660 156
76 862
165 928
645 929
297 819
905 633
780 323
200 434
