893 1978
824 872
381 93
118 883
450 716
721 132
320 571
48 37
50 834
754 529
225 833
502 838
456 591
766 488
385 636
824 734
515 12
271 471
128 543
127 889
658 682
6 528
397 739
239 853
424 212
885 318
523 609
489 664
733 271
100 102
682 856
77 786
106 771
318 4
503 583
86 469
513 738
806 868
223 137
478 131
136 704
823 192
607 226
4 565
595 33
580 459
654 638
792 581
794 188
448 395
681 262
258 570
872 664
731 306
95 374
479 24
230 108
89 681
570 623
740 435
189 147
104 523
619 777
435 15
553 353
386 840
461 421
608 836
383 163
404 849
385 865
297 204
832 796
73 424
187 176
6 473
182 512
880 620
186 693
724 67
49 381
413 756
197 77
792 269
192 323
106 572
195 773
424 33
834 500
357 467
362 469
269 594
256 132
555 280
371 148
782 767
198 317
881 253
129 571
81 290
311 357
66 835
710 408
519 468
450 319
757 836
299 856
108 854
646 445
163 367
300 103
692 576
698 645
219 849
720 239
760 544
743 151
177 776
2 63
807 328
316 617
189 469
509 793
808 672
289 570
313 103
371 729
299 84
107 25
69 191
874 880
505 857
503 569
592 746
517 331
722 686
462 664
379 266
424 795
683 748
353 1
540 275
709 191
129 279
617 363
601 33
130 200
698 518
260 566
82 227
634 340
797 232
654 196
744 582
583 183
696 425
37 351
233 119
311 129
776 592
686 797
127 274
220 266
719 181
256 832
200 763
443 800
81 101
780 571
251 853
287 9
456 74
259 840
114 688
544 447
122 746
54 419
280 626
831 41
581 882
376 475
505 134
753 856
153 149
247 39
32 444
150 275
676 71
180 236
18 131
866 233
844 704
282 233
66 576
323 850
83 313
73 383
683 441
187 316
182 497
23 771
338 646
15 5
853 406
487 327
803 862
652 394
764 647
323 859
412 627
415 316
203 11
521 788
607 884
22 572
427 838
411 247
412 676
720 515
669 470
214 509
623 334
183 664
186 274
885 660
743 448
356 808
178 56
594 189
558 480
730 307
159 383
257 773
206 627
173 569
305 20
751 797
497 506
460 202
411 381
349 372
579 478
545 149
400 436
538 601
282 117
278 365
825 51
271 448
536 186
196 286
564 328
747 24
88 118
786 830
767 608
271 186
822 645
307 261
315 453
265 179
874 611
787 201
650 56
828 669
480 371
66 727
498 495
433 248
162 451
231 617
512 284
892 100
179 166
91 472
491 18
408 836
137 171
12 139
875 885
531 426
154 422
282 539
32 78
309 829
109 176
793 59
847 745
552 413
140 476
875 76
750 633
345 700
693 281
732 431
866 79
739 423
869 261
124 415
514 531
71 282
436 376
438 571
617 695
265 779
712 274
646 720
115 190
26 623
839 91
589 410
645 302
387 860
195 135
584 880
862 155
632 679
351 159
292 460
295 113
774 215
283 220
429 853
525 225
60 425
888 795
560 776
371 363
353 639
193 675
225 268
675 182
97 606
471 630
771 788
809 656
169 828
96 780
559 733
564 614
871 554
31 84
351 552
672 377
766 585
363 387
653 727
189 3
545 480
750 427
219 250
185 830
828 491
213 451
772 344
848 238
721 368
422 462
531 604
127 169
92 93
776 319
779 407
193 403
374 805
800 698
765 211
510 344
469 380
238 333
774 281
61 663
541 109
682 322
113 104
703 325
4 294
45 652
868 232
544 889
68 334
565 136
107 157
70 500
158 300
777 886
431 669
203 786
423 184
794 613
462 218
288 99
89 643
130 455
298 779
869 112
818 88
324 110
15 426
419 306
439 480
242 156
812 861
409 744
653 735
855 729
362 840
310 375
235 641
333 121
213 478
747 567
821 159
614 272
393 403
110 140
592 643
368 424
485 510
884 491
176 595
194 758
219 284
828 750
645 702
522 488
668 607
407 208
767 5
271 74
791 846
60 308
373 486
627 529
640 226
243 750
40 611
607 637
813 547
32 7
179 344
254 607
630 395
886 801
800 599
301 758
487 117
679 891
591 757
578 875
405 253
597 163
199 316
735 544
296 783
461 54
176 869
765 104
784 100
694 44
881 446
882 260
811 471
596 348
161 766
571 534
593 200
833 633
79 290
597 315
502 588
289 239
272 566
232 314
512 193
518 195
507 873
75 709
888 368
266 47
413 140
185 213
792 853
796 722
195 547
502 518
495 353
388 877
334 108
64 528
820 872
880 781
822 88
268 358
886 162
10 241
251 505
274 135
646 375
637 516
50 491
693 461
288 23
690 219
357 813
448 583
288 647
348 160
3 176
851 5
395 465
324 518
617 778
34 369
530 9
860 186
792 674
210 589
63 893
708 102
86 694
253 351
881 542
348 707
718 454
816 378
429 691
247 539
525 95
889 461
176 104
212 225
89 538
334 835
730 498
131 682
597 372
162 803
783 455
17 236
7 404
873 187
102 679
286 341
731 760
258 97
25 205
338 742
560 688
151 144
61 477
820 289
252 502
269 688
700 335
487 372
273 808
563 454
39 257
243 666
634 54
852 225
618 172
230 222
177 629
515 572
515 326
885 466
540 326
154 57
138 479
547 121
401 458
756 417
299 227
449 454
364 156
455 834
756 464
745 526
534 763
526 510
16 669
751 650
864 396
238 499
23 64
264 60
284 762
195 433
402 781
756 372
281 325
12 824
608 112
273 406
717 253
663 385
336 152
219 14
129 826
370 691
383 30
40 112
520 357
170 418
151 388
193 67
376 221
692 35
489 661
847 316
351 315
115 302
855 550
769 660
173 238
873 117
143 523
404 499
560 564
390 369
797 175
324 253
61 337
538 87
242 440
297 360
481 27
876 593
678 568
71 426
459 370
60 428
524 181
736 125
169 124
460 152
837 731
753 219
162 437
415 368
208 514
602 435
270 861
824 436
290 797
351 297
245 476
586 508
51 216
203 731
40 839
703 85
540 473
432 294
357 788
492 467
642 581
791 583
369 164
360 108
881 702
853 470
106 140
150 773
848 564
544 867
620 456
34 582
494 580
702 105
63 591
120 143
602 389
684 265
652 290
432 735
435 135
628 94
421 563
633 13
743 549
392 189
653 200
400 173
735 458
438 259
593 293
79 877
100 294
796 779
888 540
415 186
515 264
585 460
328 430
276 387
706 510
119 232
374 709
29 690
773 860
465 79
598 291
749 134
468 663
584 728
165 290
39 130
829 283
23 574
319 553
890 259
756 106
82 425
284 346
432 717
270 285
554 165
225 172
212 564
657 618
182 713
662 711
686 130
484 75
301 619
765 625
277 87
6 448
160 421
493 735
95 736
150 446
465 613
321 291
805 807
132 599
209 35
483 604
238 612
735 587
740 518
728 699
660 93
254 604
699 10
332 190
476 634
373 204
800 450
512 92
607 327
41 495
441 786
336 200
307 715
882 520
649 422
65 756
743 585
89 177
549 299
827 530
844 716
760 857
561 405
483 487
751 720
536 42
25 555
725 501
176 575
415 464
291 222
636 474
859 669
160 893
383 879
841 458
240 314
25 72
109 116
57 18
151 450
778 466
637 801
453 609
223 298
524 815
483 185
391 352
661 784
382 23
220 214
651 526
42 869
168 781
374 273
147 844
289 451
613 460
469 185
145 809
387 234
168 416
617 583
799 678
666 745
334 539
214 678
820 5
863 554
15 415
76 223
794 689
11 754
748 745
472 457
326 484
610 646
628 729
198 34
164 729
670 84
521 581
855 126
595 238
44 152
744 169
265 237
533 753
808 475
83 713
66 476
621 366
400 349
203 221
563 217
596 265
821 696
719 56
515 2
114 9
581 381
571 110
188 316
61 469
622 757
204 105
261 872
340 86
825 856
441 428
586 886
240 172
138 784
716 774
391 162
850 543
707 871
454 18
240 607
884 856
792 785
613 780
555 437
323 255
306 29
734 608
104 201
479 597
273 615
365 655
420 165
551 296
165 648
278 546
656 107
329 380
31 96
677 99
812 416
45 761
545 379
583 377
697 347
560 344
814 183
748 145
185 163
649 487
480 609
173 119
569 850
701 459
741 628
121 116
37 286
187 353
795 827
446 535
32 205
700 33
468 493
555 101
77 665
562 827
548 537
608 831
22 641
258 750
611 676
778 2
87 138
588 519
105 511
609 465
826 212
884 781
506 317
527 725
257 722
241 56
707 669
541 590
216 789
468 174
314 65
486 830
162 397
200 40
552 850
296 38
812 284
624 805
70 200
493 644
498 388
100 570
176 891
611 343
245 148
267 485
587 137
626 795
165 312
796 462
601 277
381 443
667 757
725 65
237 593
789 415
188 794
736 470
678 775
832 877
190 424
838 386
589 158
613 816
77 533
673 374
788 244
239 736
562 518
825 694
418 100
679 66
387 824
125 245
183 675
795 37
446 370
584 559
322 60
306 631
473 176
164 220
832 659
229 723
35 818
288 524
551 656
403 522
800 705
551 609
448 301
688 65
752 238
2 379
596 343
142 82
788 734
364 371
829 865
422 313
776 786
172 395
542 30
824 810
419 889
223 295
578 722
383 537
375 104
503 386
204 413
326 505
695 597
370 159
81 525
651 76
597 589
489 224
877 298
116 1
686 582
451 745
819 7
388 698
703 429
450 495
548 769
494 137
366 348
477 175
43 260
885 533
379 428
225 481
753 821
112 187
508 19
847 18
261 667
838 549
752 422
611 365
667 569
597 893
234 206
625 588
167 694
649 793
782 592
714 394
396 141
558 582
25 794
45 529
892 187
582 598
866 7
357 656
249 690
772 621
737 197
531 766
551 692
36 10
827 436
663 127
833 506
11 131
419 422
886 42
409 470
85 659
655 214
311 796
665 248
422 714
730 132
161 647
277 440
813 662
703 331
192 827
343 502
201 393
682 434
603 290
123 777
806 837
203 362
724 312
854 26
759 556
376 202
486 878
233 490
19 294
661 731
60 861
483 142
399 393
129 189
522 444
575 650
185 10
321 280
598 674
178 281
622 190
18 344
420 302
721 287
554 183
726 232
822 202
880 530
439 243
204 655
501 384
448 308
91 294
2 192
97 775
394 508
235 176
163 866
861 327
90 465
648 600
535 257
496 494
43 345
716 709
432 395
804 809
472 786
270 69
436 824
717 804
460 832
540 867
638 869
679 38
332 515
633 586
82 547
694 826
273 65
518 569
26 395
373 849
362 60
656 106
864 278
872 865
10 109
410 771
19 204
431 443
342 441
84 285
158 561
710 727
107 558
770 175
187 451
775 468
172 226
563 169
855 874
33 151
326 449
200 672
862 151
310 880
349 251
880 114
19 648
97 130
26 763
361 547
787 216
754 140
256 299
167 63
851 375
635 34
892 888
159 348
180 442
48 159
828 738
97 90
483 203
729 325
493 553
646 314
320 97
569 849
823 220
309 1
77 37
776 308
226 343
320 299
545 166
330 860
5 169
624 253
627 229
347 400
313 731
407 33
397 75
715 784
274 627
847 759
798 648
480 519
722 862
606 448
95 654
613 434
675 841
501 193
263 288
674 818
602 163
145 491
437 648
195 602
269 597
716 611
844 514
756 793
65 567
673 653
429 271
175 288
142 685
678 441
630 477
512 700
469 377
215 830
474 462
664 150
614 357
65 194
373 441
766 416
184 588
664 592
58 483
411 803
817 86
48 730
142 692
20 795
626 250
167 869
836 660
100 344
529 644
106 56
873 233
893 246
593 685
171 726
317 513
94 551
500 439
70 330
274 49
116 60
312 870
571 541
724 450
874 115
341 488
548 653
71 51
59 350
395 880
234 357
461 56
496 611
775 653
652 531
884 334
831 650
463 620
682 6
169 732
9 830
765 334
52 271
734 376
115 114
80 48
460 481
597 160
31 773
839 39
767 602
71 185
96 261
760 311
540 64
249 131
374 607
892 595
197 190
662 24
132 133
427 681
153 53
777 774
23 583
559 58
779 429
122 751
471 145
471 779
258 11
601 777
575 812
11 705
566 892
369 594
480 118
813 332
800 244
195 64
186 200
352 48
118 317
413 58
736 150
590 234
9 149
304 2
550 249
68 576
24 385
621 641
796 603
471 586
238 382
420 869
40 342
610 488
181 349
676 438
148 420
412 743
64 54
138 350
753 702
615 182
886 777
816 213
361 741
888 861
229 497
434 4
558 3
559 869
49 17
105 519
186 218
524 6
714 219
109 381
91 158
384 201
845 9
520 784
622 598
337 175
28 82
875 683
220 380
483 530
827 707
221 720
863 129
539 640
887 208
625 276
201 343
862 75
43 846
890 810
764 268
36 359
97 537
650 743
117 1
622 204
774 332
584 643
305 467
415 71
880 511
113 93
744 216
464 188
857 366
419 548
745 832
545 342
786 536
455 466
440 420
433 251
237 640
475 55
376 103
830 885
481 215
9 2
427 780
358 789
446 440
841 635
348 683
590 94
156 392
799 556
856 238
331 175
8 751
667 541
355 824
245 569
93 757
85 630
597 650
766 196
861 602
185 330
891 751
107 854
255 76
37 724
477 397
525 329
828 881
749 75
454 676
74 709
462 126
859 241
46 395
391 771
503 30
457 309
383 773
426 793
615 580
176 800
380 576
694 604
273 784
122 749
804 356
575 344
485 471
110 395
811 107
817 734
429 648
235 311
370 530
650 509
527 460
414 655
532 310
643 150
38 11
166 92
261 722
484 58
699 521
595 712
617 128
213 341
160 500
79 150
679 818
210 284
30 857
15 112
500 629
305 190
490 876
16 764
645 122
21 645
563 481
158 877
49 812
579 351
708 411
782 507
233 624
789 70
174 796
194 125
862 137
503 705
419 187
455 610
166 78
792 553
410 97
577 279
850 467
390 566
429 212
145 677
256 123
711 168
783 838
297 652
369 250
858 341
330 743
433 606
404 671
742 594
840 588
512 249
593 386
299 180
228 419
883 353
108 828
182 757
21 818
818 270
16 796
821 766
330 187
64 520
394 290
328 109
152 155
874 463
341 351
842 634
593 507
331 684
472 860
760 846
727 154
476 787
738 535
777 430
580 838
141 250
159 751
592 790
298 474
816 185
749 427
36 682
40 354
612 531
391 850
770 244
622 705
660 233
492 350
23 45
16 325
809 821
772 463
886 805
266 693
723 204
80 390
522 613
264 824
707 492
266 516
658 101
470 410
860 169
203 829
465 183
874 759
396 161
712 112
217 348
272 721
738 828
192 110
49 683
564 129
389 614
459 225
310 103
313 116
225 413
813 116
232 431
378 453
74 407
703 97
172 751
517 237
131 117
377 833
537 426
22 290
723 557
207 36
675 795
250 616
676 439
839 165
695 730
332 855
497 347
703 800
389 424
662 40
428 783
675 687
828 803
707 50
209 339
767 84
4 640
849 274
858 351
675 343
777 606
153 97
302 724
90 370
24 521
771 857
120 91
191 5
72 521
58 612
497 205
39 811
886 769
722 612
70 845
415 89
146 424
402 629
478 166
407 435
411 820
200 320
159 800
358 492
53 45
843 301
80 458
27 245
247 669
217 231
40 872
794 647
5 865
137 83
414 48
587 106
554 881
226 661
575 517
119 66
270 527
815 881
583 143
842 464
721 673
189 566
479 475
683 330
24 414
814 16
465 124
551 562
202 207
684 81
7 651
316 584
514 71
237 492
609 67
665 740
540 298
689 544
104 447
89 13
116 303
485 420
566 375
587 395
422 479
872 681
854 434
93 613
828 435
885 142
226 208
82 173
340 88
629 350
298 379
689 236
728 460
330 808
80 106
725 417
600 251
802 820
163 479
1 83
167 842
496 596
850 383
890 211
786 813
552 578
443 761
78 647
875 666
28 341
50 445
468 156
16 373
197 704
843 376
203 527
420 31
592 716
60 569
243 885
759 675
115 106
15 453
536 585
24 574
21 596
423 469
227 54
193 378
807 435
118 609
221 857
759 523
559 21
338 379
399 292
570 363
312 140
97 573
60 423
278 576
105 96
820 409
14 357
398 510
290 735
772 882
22 16
559 363
348 180
508 819
101 193
273 880
509 783
664 383
101 69
673 844
509 604
741 53
241 211
580 335
485 472
516 121
737 380
313 303
630 331
577 125
724 260
671 874
657 197
892 219
146 505
148 501
700 170
3 865
869 228
7 740
473 533
794 466
764 881
362 359
472 102
128 723
716 748
145 862
183 887
647 805
838 177
345 342
200 591
572 472
475 727
814 389
316 452
702 624
295 138
133 827
460 733
318 377
787 883
551 853
10 332
356 592
530 720
469 159
436 550
697 815
222 441
646 250
6 784
192 714
50 374
794 2
675 214
841 101
495 475
547 215
553 700
588 104
824 340
678 595
232 163
505 236
251 464
514 237
440 204
862 692
793 262
8 415
635 240
249 96
466 550
33 582
68 886
271 366
349 197
498 544
117 804
464 410
482 601
526 99
20 621
847 408
575 754
302 370
140 377
488 234
822 19
133 225
266 892
158 251
70 580
58 506
114 837
26 227
341 836
604 385
619 554
195 259
201 661
763 267
713 408
146 523
42 319
777 78
157 606
157 137
490 268
217 460
544 521
119 347
176 563
599 408
346 440
297 98
260 719
318 546
318 119
162 621
270 250
502 867
549 586
181 848
760 868
345 482
404 240
188 543
871 705
361 53
287 270
736 466
738 160
558 143
286 434
193 315
359 370
287 635
185 558
307 430
408 662
353 833
438 517
665 728
520 672
249 544
285 546
785 377
474 327
276 9
198 156
806 266
815 712
3 341
620 509
113 751
406 631
100 499
835 96
715 352
71 787
138 302
893 16
433 207
622 11
511 274
367 505
655 358
470 423
413 544
493 435
865 61
261 317
249 720
588 205
276 353
777 106
834 77
696 737
787 193
332 213
868 316
311 474
560 646
881 372
672 126
746 157
88 512
360 762
55 254
572 625
891 723
214 837
865 508
834 68
